2000 2 2000
937 1471
1672 937
356 1672
976 356
1257 356
1503 1257
783 1503
1783 937
1284 976
1955 1503
802 1257
583 1471
526 356
701 1783
393 1955
307 1955
386 1955
1070 937
1724 802
1397 1724
1140 937
422 526
1941 1955
1638 937
1469 526
1800 526
1035 1800
1009 1140
1195 1800
142 1471
1225 1469
1524 1672
206 1503
1792 783
256 393
1960 1195
1276 307
822 1471
269 1792
967 1070
755 1524
117 1724
305 1792
655 1195
1341 307
1658 937
1246 783
1474 1397
571 967
943 142
1809 1246
1019 571
1952 1035
827 1070
604 1792
1285 1672
714 1503
1996 1952
334 1469
1190 305
1312 755
863 1469
535 307
1449 863
879 1449
1477 1503
523 1960
1295 1469
1356 307
1780 1140
215 1019
578 1341
27 523
223 386
1739 655
831 1960
1376 1960
872 223
1921 701
41 1356
908 393
595 1960
1115 872
829 1960
1959 583
122 831
549 827
64 1284
499 879
705 1658
1077 783
1565 1960
109 422
811 1257
1625 535
1414 334
1796 1474
22 802
907 604
1892 422
519 1341
610 1955
1104 535
311 1477
75 1658
830 215
1517 1190
1849 1035
1928 1140
1660 1477
708 1246
1069 1284
25 1246
1080 1069
1121 223
1008 22
886 499
1929 1952
1185 1660
367 830
1223 1660
1378 1638
868 64
816 1414
1594 1952
312 1849
1926 1285
1138 879
1384 1625
838 393
1807 1625
1158 868
1141 822
419 1955
1274 1807
1358 1080
1199 1660
446 1672
1095 1257
926 356
391 783
770 1080
138 838
1361 1104
1468 1095
1669 64
245 1849
1371 311
862 1414
1726 1952
904 1358
1092 822
417 499
1973 1295
239 755
892 604
764 1477
745 1312
1000 549
888 1471
1504 1070
1616 892
110 1955
968 245
1351 1284
1598 419
629 1225
920 25
336 830
1160 1739
1956 422
1897 908
289 1849
787 943
945 708
1501 1356
1770 1849
1251 827
744 1223
1165 1257
1393 215
1097 1312
1600 1807
928 1223
1206 829
1618 1471
685 822
1200 1780
1523 41
3 138
1632 41
44 1104
438 604
873 256
495 1807
1028 1600
542 811
227 610
1315 1973
1345 1973
1294 1008
948 745
1742 888
74 256
1327 755
7 1195
641 122
388 822
1188 27
293 549
1825 1251
1433 1284
1109 223
475 1504
539 1009
678 356
591 1658
1751 419
1708 872
255 122
1674 1276
1845 539
1817 523
51 1009
1162 1474
1961 872
1685 526
1132 239
792 1115
982 904
521 305
502 604
297 868
706 1921
1821 1223
731 1361
1210 215
1470 1821
1366 968
1547 1140
469 1358
732 1708
1612 1674
82 1926
779 926
1381 1523
1677 1739
1263 1393
361 1132
1123 714
1173 1612
1321 1726
302 830
1153 1080
1986 1669
144 1956
1091 641
605 1393
1061 1345
1656 1469
1192 1315
1045 239
693 1371
298 239
649 1185
226 1845
1013 1600
78 1091
1259 1195
1306 787
1836 1077
969 1739
1219 1165
1858 1019
316 1393
959 976
262 1928
1666 829
288 1956
1448 422
1597 595
1945 523
1297 1469
263 1384
1090 1986
819 610
1106 1742
1575 1115
1681 705
1082 943
765 1082
543 863
37 422
384 255
1569 1165
101 1632
960 1575
145 1138
252 1351
688 1959
527 1986
1500 591
514 1892
918 101
366 1960
1631 1190
570 1674
1439 959
471 787
205 928
1730 1468
1355 641
1874 334
286 1263
1300 1616
1814 1449
1855 969
410 1941
663 298
1083 1631
798 1961
217 701
254 1219
1340 1708
96 571
865 928
507 732
455 732
1635 1632
1298 868
1318 1569
220 886
1837 1345
793 1501
1454 255
1771 206
1628 1666
603 1892
435 745
1633 959
1107 1996
128 1439
300 252
1579 523
244 469
746 1742
828 1468
1506 388
90 302
562 793
1467 288
1670 386
160 1251
1548 982
296 44
858 1008
1203 1677
1481 1594
1884 296
1252 1397
1683 745
1338 1345
1873 1739
1447 239
1021 1618
866 603
881 1092
606 244
615 75
481 641
458 701
1102 1884
1559 732
1772 655
1654 1504
1175 879
1639 1674
1044 435
1975 904
563 1327
183 888
29 968
1737 1594
815 562
1379 1783
271 435
461 1929
1002 521
184 1379
1747 1449
210 1082
739 535
1692 792
1951 422
445 605
720 1355
823 244
683 968
1391 798
781 298
1073 27
579 655
18 1598
170 968
621 1106
776 1751
1156 1080
1292 1284
105 1783
1089 685
1538 245
786 562
1004 1737
1870 1102
1362 1454
891 1285
506 1547
1694 41
1368 1019
656 227
713 571
1322 1809
1183 1892
658 1121
1174 144
1691 1638
1360 937
1729 367
257 1548
1041 793
1130 1002
335 655
1003 469
639 1691
724 1276
1062 1285
1974 499
1587 535
1862 1926
1124 571
1152 1632
1615 367
1425 1090
80 1598
1944 1683
1117 1124
844 255
322 1106
1064 142
1375 1021
876 1751
1981 1080
32 1140
504 1683
978 227
1151 1002
426 732
270 1449
1387 1327
556 1929
593 891
1992 270
927 663
430 334
1823 101
1053 1986
956 1252
104 1477
1847 1579
1134 1770
1489 1506
306 1285
496 744
1919 44
729 1173
785 908
1782 1814
147 1115
189 785
1488 1009
1163 1414
558 1345
895 1045
877 693
1659 1855
580 1109
1640 257
1769 307
1690 863
645 300
1509 1013
1709 755
1275 1481
909 1709
964 1548
814 1107
1336 78
742 220
353 1961
568 1575
442 1500
860 144
350 1625
1030 446
1394 1956
1483 744
1243 948
1573 829
692 783
1233 819
1193 1659
140 1692
673 1928
1217 1944
839 714
1343 1300
1389 18
805 1073
167 1190
202 1447
809 1008
1293 918
636 605
696 1275
722 1959
1588 1845
1446 1318
843 1252
274 1960
1802 1223
1839 1379
709 892
5 1807
418 1293
806 1683
1357 937
1813 888
1521 895
348 1315
173 184
14 1660
899 461
1271 591
1490 823
1688 1836
567 1862
196 1217
1828 858
1305 384
344 1469
1719 1685
299 904
1791 1615
1385 1470
1682 1941
712 1660
761 1095
1486 1028
759 269
508 1021
1881 1823
687 1297
1426 785
436 798
1582 316
185 1315
1420 446
171 507
143 386
1149 1327
500 1975
1866 1008
851 1292
826 1751
1250 1751
1653 708
1063 1160
1052 1490
1824 1357
63 1394
1331 1674
1781 305
1696 920
1431 1656
1887 802
801 1292
531 1612
512 1928
102 1547
1316 892
1947 1941
1001 500
1518 713
1930 610
186 271
86 1729
1984 539
697 312
1081 1233
1451 286
813 779
880 461
1701 1870
437 1823
416 844
1441 1588
1086 417
1830 298
1777 1446
1987 307
1172 344
431 899
194 724
769 1009
1342 256
690 1185
1626 964
1390 696
1707 502
1728 1951
1236 63
1551 615
975 1959
1055 578
15 877
8 1594
1593 96
405 1055
472 809
1033 502
114 1069
465 496
181 886
1304 570
1967 1008
1788 1160
777 1192
1334 1881
749 160
758 469
1988 147
1105 1081
1756 822
931 288
241 1334
1196 1670
936 416
1220 1394
757 1683
767 827
1899 270
198 1089
1176 322
43 1640
618 1351
1859 731
1186 815
1750 1357
991 863
1570 1858
16 777
253 1220
152 1083
1794 405
1363 1839
1485 928
100 1441
69 1638
1878 1728
120 1316
126 14
1059 1523
1664 739
462 1477
382 1069
1576 3
332 1121
440 781
898 819
1346 742
1663 1517
857 1140
408 1756
1464 1001
664 1210
162 1930
379 1162
620 296
674 899
1827 526
444 639
1135 1045
1262 746
841 74
661 1521
1731 1151
1302 436
482 1899
820 1433
331 1849
1880 1151
1630 1138
1717 720
1554 1206
203 618
930 1331
619 78
409 959
279 1340
57 256
1455 926
1347 1467
1110 1298
1665 1554
1686 1547
377 1686
741 126
1994 1062
1066 1483
1923 502
1265 334
1202 1878
99 1477
681 446
624 22
1214 1059
1443 1887
389 930
1349 1275
1714 22
1595 1318
1369 215
1606 1961
1279 820
50 1368
503 1385
1434 29
723 1061
91 891
1671 1052
1712 445
1840 1664
1882 1994
1325 143
650 500
1402 930
711 1322
237 1305
1704 1837
333 1203
1430 143
233 1575
1264 1930
1239 1887
1895 496
1229 379
524 1809
19 181
522 1454
309 1394
303 606
780 1327
67 472
1991 1788
1912 1225
1260 5
1883 1719
1408 1008
703 1523
261 50
402 160
1835 444
598 173
1051 1640
497 142
487 1196
1238 302
1893 512
1457 1001
998 1252
586 1165
870 819
1553 526
89 930
9 1674
1810 904
752 696
510 558
587 1663
68 1960
1571 435
994 1217
1108 205
1752 1955
1507 781
670 1200
1760 792
789 741
1512 497
1763 685
488 334
1976 780
1872 567
129 1575
218 723
657 64
1170 64
1896 239
1901 481
1611 210
1418 410
1060 1512
281 1152
1536 1747
385 100
1396 1488
169 25
1113 1394
961 673
1386 1391
1245 1035
315 379
1703 895
893 1576
276 1225
1436 1690
774 1066
1119 1257
1046 907
1007 1163
372 298
338 1121
441 918
1913 1134
921 1945
1599 918
1549 1343
1822 1612
1525 1055
1373 1780
686 1822
214 1115
124 688
1678 619
1545 446
1735 1152
112 1183
1993 160
21 198
349 1878
1738 1358
235 1523
1458 879
1950 1431
540 1548
77 184
856 233
1056 1796
1150 1791
421 1671
454 1214
585 937
699 765
1540 1606
771 1870
1907 217
400 877
912 1220
1319 1390
1224 1994
915 25
375 619
1838 1988
1201 263
137 1080
676 1044
1679 1457
511 960
177 57
304 830
154 101
401 1001
1398 959
719 1470
1914 877
1057 1696
1722 203
1323 1474
238 777
1784 446
1957 1327
1649 422
106 445
10 1836
1998 709
675 143
1609 895
1256 888
341 1976
1261 1236
812 1059
1613 417
1745 1836
123 1119
1989 1360
485 571
1590 1653
1623 881
1415 1426
310 123
330 1341
1240 1538
291 1961
451 189
1403 1807
1797 649
727 305
1515 1615
224 1696
1622 96
1267 820
1027 309
867 430
1713 1928
1247 1540
1871 681
1296 481
1161 1201
1299 1981
1445 1378
1015 639
1885 519
608 1930
247 220
1038 1081
1129 771
1307 1835
1147 556
966 1991
301 1729
737 1003
944 401
1036 862
1098 435
411 1108
1787 1470
473 641
953 1653
1755 765
1286 1649
1621 822
1768 776
733 1609
1339 147
1461 1082
1980 1679
933 1044
955 1613
1184 931
808 1436
644 1233
1906 1393
981 16
1850 1855
434 526
460 975
92 123
845 1259
1940 171
1643 417
1801 1881
1758 206
439 147
547 583
468 1866
818 1787
1493 297
1146 67
368 1670
87 769
1179 445
447 254
1372 361
1011 712
480 1959
1544 1618
1235 1355
1502 798
1120 1286
156 1639
597 1130
1812 1408
1197 156
1227 1845
574 814
1088 451
1829 1682
726 1623
232 279
357 644
884 1391
176 1649
710 1683
1370 1690
972 77
669 1285
371 1615
1644 203
1680 1199
1851 86
1803 1928
1604 1690
1395 1548
1558 1604
698 1887
412 497
1012 739
103 1408
478 699
932 531
1180 485
1048 1838
861 619
1520 645
158 1467
1076 620
794 1252
1684 1859
913 1823
501 1794
36 794
486 51
1421 777
1736 1684
93 1053
1377 1878
95 99
638 1467
999 1993
282 664
565 468
1125 312
1818 1426
125 1238
1424 858
1888 454
1716 1609
413 1945
1283 480
582 1998
31 1719
427 1921
559 186
1879 1292
70 32
992 256
35 311
679 310
1746 1483
1116 570
1918 1246
754 523
449 29
576 1045
1237 786
265 1436
1861 1850
1511 868
525 379
573 302
538 1825
790 1447
463 471
13 1827
1786 367
590 16
1607 183
1437 828
617 873
1732 1742
1939 1331
1148 966
534 227
599 1299
60 982
980 297
323 877
20 1737
1324 497
1482 1893
49 445
965 1294
1936 1106
1207 69
1514 1679
1793 226
452 812
321 1690
601 1158
1317 1115
803 927
1916 100
1733 1343
1142 1173
188 1980
672 1210
740 1304
1505 412
1567 386
883 1381
1922 1434
1495 767
209 999
1497 1951
83 1357
428 1240
178 539
259 867
1127 1691
1843 806
264 446
248 1485
1580 701
561 1011
119 672
962 1381
1811 1800
1905 1763
1804 960
61 1709
545 690
736 820
1898 1739
190 1302
941 1008
1642 422
1034 1077
1473 1874
1655 737
986 497
240 1992
1528 712
1400 264
135 1260
1189 1372
694 1587
654 764
1757 506
788 1424
1169 1165
1574 1669
849 975
796 790
392 1607
1071 1488
1006 1688
1211 514
1564 591
1278 19
1832 1551
602 1746
667 1097
113 1961
1032 392
564 49
390 1080
222 830
1743 1792
743 1716
768 1810
1667 1238
753 1342
365 1493
1720 1746
1867 618
1527 1549
1979 87
148 655
1668 299
1144 1812
1348 1000
536 1292
1927 1518
1270 1457
161 1726
1429 1786
1964 736
1058 1941
996 1709
1808 1495
130 1653
1721 1447
1798 1002
1693 3
1904 1044
1228 188
1877 1553
1181 1349
212 1644
1589 109
730 103
39 458
832 1559
1759 1507
6 190
337 1654
1040 209
54 1089
750 36
848 586
762 759
1560 1939
988 54
842 982
533 1771
1268 559
62 482
1074 1881
1367 1418
1935 49
424 1701
1353 694
1568 1378
1382 1080
609 288
882 176
1711 1356
355 926
622 1184
717 276
1510 1148
1999 1737
846 661
935 5
919 209
1025 1363
1085 298
505 126
581 1224
894 1738
1522 724
362 401
1354 1680
448 1711
1111 1082
208 562
1388 1564
98 1746
1273 769
1662 416
329 1336
906 771
546 1105
662 1402
360 1901
491 872
1374 1991
340 37
1139 1631
1332 1622
1723 645
541 1485
1213 496
234 1374
1774 412
592 785
285 1840
1541 771
1442 1884
1410 1074
854 1674
79 1811
192 1080
1444 379
1333 556
1997 727
397 975
1917 741
118 247
1479 783
345 1448
588 779
453 1988
631 1306
24 1723
364 1811
283 1861
1244 664
1908 597
343 788
1641 1086
4 257
1344 1881
251 178
784 1220
490 539
1938 1436
278 621
1280 253
554 1960
351 343
704 1493
1915 1829
596 1827
756 1568
1636 776
1842 1081
840 1607
1727 1304
634 638
1216 1679
280 1091
1463 1259
1946 137
1902 447
204 181
1428 1341
1749 1632
1710 1410
1530 1115
1860 119
2000 1322
492 91
1562 473
1741 1684
1171 147
528 687
633 667
1137 674
1289 1483
55 1156
1078 733
1099 503
1308 781
1496 362
376 605
997 1861
640 1270
985 683
1844 1708
246 1941
911 323
164 561
1754 826
772 90
207 364
651 1691
1776 67
1894 657
1412 167
1805 1179
1942 1899
924 1144
373 714
195 752
1406 1477
141 1547
1841 692
219 1792
213 451
648 110
415 60
1494 966
1652 185
859 1389
1602 307
520 602
1255 9
1995 1308
290 1041
659 1243
294 13
671 1559
1301 1394
268 1908
467 32
903 1367
855 434
352 1150
1966 1080
550 198
1084 1353
179 1671
929 304
1456 671
626 975
45 1408
459 962
1857 603
1785 1575
1581 1654
977 1321
817 1009
942 1671
1629 135
553 80
1778 1389
318 1881
853 514
347 1019
1253 1354
1272 1716
643 1729
1480 1300
1365 928
1645 143
1269 870
1619 1567
1539 372
1826 909
1578 1649
1572 913
1016 1769
1054 15
1205 1483
1795 814
957 838
1133 606
33 311
652 217
946 1993
1282 281
374 248
139 1153
763 1490
725 1034
518 645
58 1571
983 355
1072 77
747 1084
1718 1849
869 893
1241 790
1020 487
1475 1184
1499 977
53 1244
1438 609
1029 549
695 255
1049 1338
1313 1467
1050 1995
630 1458
702 1758
1962 392
513 1190
127 1025
1204 1849
1039 740
1531 213
1231 1504
1122 1741
325 233
1647 44
795 1730
136 1027
1911 705
1126 120
1311 1589
450 880
1100 51
572 1315
1432 1016
1023 1124
1022 1659
1209 1823
1404 1911
1450 1192
954 1957
258 496
1453 678
395 113
773 360
479 927
1409 808
243 1694
1094 795
902 1989
456 1016
81 391
48 1097
689 1105
1435 270
163 1241
1767 1494
1167 1120
952 1109
1359 1271
1852 13
1608 497
1542 1481
1764 570
1657 1803
180 541
320 1735
1478 449
1093 1757
17 1911
1972 19
1079 1000
231 499
607 1240
1417 1006
551 58
923 1066
359 1246
1702 487
1218 1318
1143 1669
26 815
457 1505
1815 644
760 1602
66 568
1532 959
560 1073
797 1072
728 912
429 1260
1863 662
1937 908
1675 602
1650 49
825 105
1948 421
821 48
1303 583
1330 1793
1875 55
1232 333
1673 617
131 523
1868 1896
1920 1175
1350 356
1977 1064
1118 1122
1005 13
852 21
804 1746
1208 259
1177 312
916 271
684 316
1194 382
1856 1053
327 1357
611 538
537 769
1651 490
1462 912
616 1892
716 1077
612 29
23 1749
1466 820
1700 539
369 1844
1753 1365
1982 364
577 23
260 1745
134 702
1112 1774
1335 972
575 117
295 859
498 1252
1583 1297
1281 1403
889 1651
1068 1795
1596 220
939 695
778 471
1018 224
1561 705
1328 1048
1198 243
917 105
73 604
1226 960
1392 58
1537 486
627 82
1290 1797
76 822
1491 283
394 725
1610 1941
1248 1133
557 217
1513 1896
963 562
1546 525
380 969
1067 1270
1990 1353
168 1481
864 1077
1010 838
1249 1151
46 648
850 851
1620 1253
810 76
973 26
358 37
1614 447
1954 1231
494 796
132 806
159 458
1329 1082
40 1376
1592 416
516 1224
1465 1840
1695 639
847 1226
1101 1783
1277 29
885 226
958 1445
665 1793
1648 549
1833 912
354 1707
97 1449
748 1767
398 1001
637 1648
1876 1028
483 815
680 440
1806 1356
951 1996
949 1710
782 1589
149 444
734 1741
30 479
544 702
12 1716
88 962
691 1271
721 1572
1266 1655
1586 1034
1886 1588
1566 1803
990 621
1154 398
715 1871
1096 261
1603 1173
193 395
403 813
614 838
94 1311
1383 422
1215 997
466 1108
1550 1639
938 1780
150 691
1705 783
890 1104
1740 1259
632 595
1031 237
735 768
647 94
1846 1406
1985 327
682 622
1254 1180
509 938
474 1154
1903 745
1498 1365
342 1468
111 1570
216 100
1699 1396
1487 390
221 817
555 448
1440 1125
1715 1628
594 16
1865 1849
1155 82
1508 55
1970 212
211 656
1533 1299
396 1884
1103 238
1591 539
470 150
1891 1381
11 562
187 1013
897 780
1288 365
1637 877
172 1386
1819 413
1698 1645
589 361
1291 1355
153 1817
56 1155
1932 120
1178 1508
346 58
1314 178
807 295
1627 1530
625 785
1931 296
1934 299
1037 348
423 145
529 1579
1889 1716
1790 1641
84 828
121 938
548 921
1166 1877
59 1822
108 1105
993 1384
1854 1865
922 1520
1869 1166
517 1719
339 1083
1831 1252
197 186
381 754
1734 304
249 112
1145 376
1765 723
228 949
1766 972
1484 1440
72 1336
766 1451
1661 253
387 926
407 1867
1909 1527
1399 121
1585 1005
1925 345
324 1044
1014 256
1943 138
476 1579
443 156
1958 1587
1577 5
1516 59
1762 1195
1687 606
874 1699
1834 1884
319 1186
1452 360
151 580
791 1468
1065 7
530 1691
934 1169
414 419
1026 80
940 1844
1978 1034
974 782
1848 550
677 1592
970 1830
1543 170
133 257
914 1430
987 1256
433 1830
623 1180
905 1674
642 610
532 1003
1969 1137
1617 351
326 1384
1043 1894
1820 1254
1320 667
1775 1921
1419 1442
1405 1542
1965 1314
910 436
115 1073
1983 1883
1212 1504
989 1681
201 1587
1242 1301
1624 1089
404 1491
42 372
166 74
1287 343
950 352
1535 100
984 304
1563 417
1853 411
1416 1347
660 117
1557 1199
432 1203
1407 796
275 1367
1953 1812
1890 1398
1900 162
1182 510
155 178
47 8
751 56
383 960
995 1088
1230 1434
200 193
85 1738
1157 1415
1380 931
833 461
52 567
230 201
1646 1011
308 1478
477 1490
1087 462
1584 377
1492 302
1310 1891
317 656
314 1899
1411 1701
700 996
489 1394
646 567
1234 1604
1605 1876
1779 1417
1187 1463
1159 821
628 1345
800 1202
1555 1533
420 1146
1423 883
1258 623
1526 1162
1519 617
236 1800
834 1471
1552 918
378 744
484 1132
1634 494
328 764
901 1659
1799 1327
1047 1195
313 433
174 1892
707 258
272 707
199 388
738 1532
1017 1475
225 1694
552 1521
900 1304
292 833
947 1305
1816 53
1042 1157
1114 573
1024 576
406 1570
146 1873
273 347
1529 305
493 1738
613 1665
1697 263
71 1183
1221 1663
1401 1493
584 138
1422 12
569 954
1556 92
635 1763
1689 331
824 1311
835 342
1364 933
871 352
1864 1579
878 1606
65 1269
566 1984
1949 26
1326 1583
1725 1654
2 1061
600 1129
229 601
836 1711
666 1683
250 1189
1337 122
1191 1547
1971 689
242 1050
284 1515
1744 1289
157 952
1352 584
1164 1278
1676 1538
425 1679
38 1006
1075 736
718 30
1924 885
668 1353
1472 1637
775 564
1427 656
28 368
515 593
1748 1964
875 15
1789 712
464 977
1309 368
1168 893
116 1104
182 308
979 945
837 1648
1706 1953
266 476
277 342
971 270
1128 564
370 984
1773 46
887 1526
1933 1076
165 754
896 1830
653 1770
175 408
799 1822
1413 1497
34 318
925 1442
1459 76
1 141
363 1614
1534 485
1136 526
107 1114
1460 1341
399 1529
191 352
1222 332
1476 1512
1963 1856
267 673
1910 1592
1131 1378
287 701
1601 1791
1968 114
1761 1559
2
9
9
6
5
3
2
3
1
0
7
7
6
8
0
1
6
8
9
8
2
2
6
8
7
4
2
4
0
1
1
0
3
9
8
8
9
9
8
0
5
6
5
2
5
5
8
8
1
3
4
5
6
1
3
7
6
7
7
0
2
1
4
9
4
6
7
9
5
1
5
7
0
6
3
8
9
4
7
5
1
8
7
4
9
7
7
9
0
2
7
3
3
7
4
4
4
3
5
4
2
4
4
0
3
1
2
8
4
6
8
7
7
0
2
2
7
4
9
9
7
3
7
3
5
4
0
0
8
9
0
9
6
4
8
5
0
0
2
0
3
3
4
0
0
7
2
4
4
8
0
8
0
2
9
4
7
4
8
9
4
7
5
3
5
7
4
5
0
1
6
2
7
9
7
1
3
7
9
5
4
4
9
1
1
2
3
1
3
4
8
9
9
7
0
1
6
7
3
7
4
3
1
3
2
6
1
0
4
1
1
9
5
8
8
2
6
5
7
5
5
4
7
0
3
9
4
7
9
2
6
7
5
2
4
2
8
0
8
9
3
3
9
1
2
9
8
8
5
8
1
7
0
1
2
3
5
7
8
7
2
9
5
7
6
5
8
4
5
8
6
8
2
3
9
7
4
0
1
1
6
0
5
8
6
5
4
8
1
7
8
7
2
0
1
4
0
6
7
2
6
5
7
4
0
2
5
7
9
1
8
8
2
6
4
2
6
6
0
1
6
0
6
4
3
5
3
5
9
9
9
5
1
0
3
3
5
8
5
5
1
0
1
7
9
1
7
6
6
5
2
3
2
4
0
3
7
0
2
1
5
2
2
7
5
1
3
9
2
4
8
3
7
1
2
0
4
9
3
8
7
2
7
3
6
3
1
2
7
3
4
9
4
4
1
2
2
3
5
4
7
5
3
7
5
3
8
7
6
7
7
7
8
9
8
8
4
1
3
3
2
9
5
2
4
9
3
5
0
3
3
1
4
7
8
9
4
0
0
4
6
1
0
5
9
2
8
6
6
2
3
2
7
9
4
3
2
1
4
1
2
5
3
8
4
2
7
9
1
0
2
6
8
9
0
3
1
9
5
6
2
6
2
9
4
1
2
2
6
7
3
0
5
8
8
3
0
9
7
2
0
8
0
2
6
0
8
5
1
7
3
4
2
4
5
9
6
4
7
8
3
9
3
5
7
2
8
8
1
2
0
8
1
0
6
4
9
7
6
5
1
9
1
5
5
4
0
2
7
7
3
2
2
9
6
0
2
2
9
7
4
6
0
3
0
1
4
2
1
6
3
9
1
1
3
2
4
6
0
3
7
2
2
9
5
8
1
1
7
2
9
3
7
9
2
9
1
0
1
4
7
2
9
7
3
4
5
6
8
3
9
9
2
0
1
9
3
7
5
1
5
1
5
4
2
5
6
8
3
8
3
8
6
1
6
5
5
7
6
1
2
9
2
1
4
6
0
8
6
6
3
0
4
4
1
7
3
1
6
7
9
7
7
6
2
7
0
7
0
0
2
5
9
6
9
9
1
8
6
1
7
0
0
0
8
8
5
0
7
2
4
4
5
4
1
1
7
0
2
3
9
5
9
2
5
3
4
2
0
0
9
3
5
8
1
2
6
8
3
9
6
8
2
9
8
3
4
8
4
0
2
0
2
5
8
4
4
3
8
0
4
0
9
0
1
7
3
6
8
4
3
9
8
7
4
8
6
0
5
6
5
4
6
5
5
2
9
5
1
9
1
4
5
4
1
5
8
4
8
7
3
3
6
0
4
8
2
7
4
3
9
2
6
4
8
1
0
9
7
3
0
3
9
3
6
3
6
6
9
4
9
5
3
0
1
0
8
5
1
5
9
2
1
7
7
5
6
8
7
5
8
4
2
3
7
1
9
9
5
4
3
5
5
5
8
1
5
4
3
1
3
9
1
8
1
6
7
8
0
6
4
1
3
0
7
6
8
2
6
8
6
0
7
4
6
2
4
2
6
8
1
8
7
7
5
8
3
9
3
7
5
5
4
7
8
8
4
1
0
5
5
6
1
2
0
2
7
8
0
8
0
1
8
6
2
4
9
4
0
9
7
3
7
1
3
8
8
7
6
2
6
4
9
0
4
4
7
5
4
4
3
8
9
7
9
7
1
4
1
0
8
1
1
7
3
5
0
1
6
7
9
7
8
7
1
6
8
6
5
1
9
9
1
9
7
7
1
9
5
7
4
5
6
6
9
1
2
1
1
2
4
4
7
8
0
6
9
7
3
7
6
3
5
3
0
4
5
1
1
0
1
8
5
4
7
6
5
2
7
3
3
2
0
7
5
3
8
8
0
5
6
3
3
3
9
6
3
8
2
1
0
7
4
0
9
0
4
2
2
6
3
1
6
0
6
8
6
4
6
9
2
6
1
0
9
8
6
4
3
5
9
0
2
1
4
2
0
9
4
1
3
5
2
5
1
7
5
5
0
1
3
1
6
9
8
8
7
2
8
5
7
1
5
3
0
5
9
5
4
8
1
0
5
5
5
2
0
1
0
1
7
4
7
8
1
3
0
6
4
5
4
7
7
8
4
6
6
5
3
4
2
0
5
0
4
2
3
9
7
6
0
3
0
0
7
3
1
1
8
7
7
2
5
4
0
2
3
8
5
9
8
2
9
1
5
3
0
2
9
7
9
1
1
2
4
7
5
0
4
5
8
8
4
6
0
0
0
6
4
9
5
6
0
1
4
4
0
6
5
4
9
8
4
6
2
5
3
9
1
3
9
3
3
3
1
0
6
7
4
5
1
6
7
3
7
2
2
1
7
4
5
0
9
9
7
7
3
4
5
9
0
3
6
3
1
0
6
0
6
8
7
1
9
8
3
2
8
8
7
6
4
3
7
0
5
2
2
5
3
2
8
8
1
4
2
7
5
7
8
5
0
3
8
6
1
9
9
8
1
9
9
7
7
5
9
3
3
5
9
3
6
7
3
5
6
7
0
0
2
0
4
0
4
6
3
6
4
3
4
0
9
0
1
3
4
8
8
6
8
0
2
9
3
2
7
7
3
2
8
2
7
2
5
3
4
9
2
4
9
7
7
2
3
0
7
1
8
3
3
9
1
2
5
3
6
9
4
1
9
3
7
0
2
7
9
9
3
0
1
1
9
9
7
2
8
7
4
0
1
1
9
5
0
1
2
2
7
1
4
0
0
9
4
9
3
0
8
9
4
0
3
8
0
5
9
1
4
4
9
1
3
8
2
4
1
5
3
0
2
6
3
8
0
1
5
2
1
5
9
8
2
5
2
2
8
3
1
4
6
1
0
5
7
3
6
9
7
3
0
9
3
0
0
3
3
5
7
3
8
3
0
3
5
1
0
3
1
2
0
4
1
1
2
7
2
0
5
7
5
4
2
9
8
5
1
2
8
4
4
6
3
6
7
1
1
0
7
3
5
7
5
8
5
8
5
5
9
7
4
4
2
8
7
9
0
6
7
3
3
9
5
9
0
0
1
1
2
9
8
2
8
3
1
9
0
5
6
7
1
1
9
0
0
6
4
9
8
2
1
6
3
8
4
9
8
6
8
4
6
6
8
8
8
5
1
2
8
3
7
8
6
1
0
7
2
0
3
8
1
6
0
1
9
2
5
8
7
6
2
9
4
7
4
2
8
5
6
4
8
9
1
7
4
4
3
7
6
6
0
7
3
7
9
3
6
1
1
2
9
9
2
4
7
5
7
9
5
9
4
1
0
2
3
3
8
0
9
9
5
9
2
0
3
9
2
9
5
1
8
4
0
6
3
1
8
7
3
7
8
7
9
0
9
0
2
6
5
5
0
8
3
7
2
3
7
4
2
2
1
1
0
3
7
2
1
3
0
7
0
0
3
9
4
5
5
6
1
7
9
1
8
8
2
0
5
2
0
6
1
0
2
0
3
9
6
2
0
2
2
4
9
9
0
2
2
6
4
9
0
5
4
3
4
9
4
0
4
3
4
2
5
9
3
6
2
3
9
7
8
3
2
1
9
2
2
8
1
0
4
4
5
2
3
9
0
6
3
0
5
8
8
0
0
8
9
1
0
5
8
4
1
2
2
9
1
5
5
6
0
1
0
6
8
3
8
3
4
1
8
8
5
9
0
0
3
1
6
8
4
2
4
2
2
6
6
3
5
7
7
9
8
5
9
3
1
6
0
1
5
9
2
1
5
8
4
3
5
2
0
5
9
5
2
1
7
1
2
6
4
5
2
0
8
4
1
4
7
1
8
4
7
4
7
8
0
5
9
7
2
5
2
5
7
2
7
5
3
0
6
1
9
6
8
6
6
3
0
3
8
0
4
4
7
8
3
3
4
3
7
1
1
7
8
5
2
7
7
3
7
0
9
3
8
2
6
7
9
4
9
8
4
2
5
4
5
3
4
1
3
9
2
4
0
7
9
2
0
5
3
0
6
7
5
4
5
4
1
6
2
5
1
5
7
0
1
4
0
6
9
5
4
8
0
2
8
2
5
2
7
7
2
5
4
3
1
5
2
0
8
5
1550 686
1159 192
1344 1100
1826 1393
581 704
1418 27
352 1826
1146 608
1607 513
1838 1865
981 848
100 1304
1941 482
1894 1570
1104 986
722 1463
226 845
233 570
1051 1840
47 900
843 759
1625 680
1506 1366
368 678
541 22
1453 1786
1127 847
878 1749
122 1483
453 91
262 309
1475 1948
1705 1118
427 1886
1379 1671
141 1353
583 605
1886 1901
1987 116
418 1816
1935 1796
508 1492
1748 558
467 50
1668 1928
1072 3
1608 1997
662 1278
691 453
1438 1179
1577 947
1392 1237
784 235
106 1573
822 999
206 1733
1543 919
1928 754
139 1728
211 1651
1902 1199
999 563
103 1756
1436 331
337 470
1169 5
772 1514
1011 1339
870 272
756 304
877 749
79 81
1569 1860
1126 1167
1660 516
583 825
723 1039
825 224
568 269
75 331
1087 1491
1863 1168
183 1292
645 617
1242 419
908 1604
1618 470
1279 299
1047 1702
281 1342
1024 192
1964 558
1072 609
1854 1984
1792 1919
153 1749
1957 1002
1712 833
1725 1863
192 130
1141 356
1767 1359
1701 1587
910 1566
1042 1477
1686 1162
696 320
1532 1112
437 661
393 26
1142 1923
754 1476
1619 628
1350 523
232 306
926 1271
1203 1021
1193 1091
1122 159
1711 838
1490 1626
325 922
1169 1279
1838 1372
845 1572
1672 261
574 1302
811 355
1857 633
163 1614
115 172
197 537
768 1849
798 1868
763 1860
1114 954
1722 1145
1663 1147
1116 1692
1598 363
1204 1789
1907 1895
1519 934
1264 570
729 1722
1509 1569
269 1255
1515 1010
1868 268
156 486
895 1891
918 520
127 1218
1194 1329
1873 1317
1405 1903
1237 781
790 618
777 1915
269 918
254 755
1079 1834
485 1551
1998 1215
328 705
564 1999
775 548
867 880
9 1599
1399 253
1484 1219
828 1367
1232 1083
1879 1905
951 221
1846 1077
859 61
1026 1315
1383 404
1163 1984
1469 356
174 1985
1110 594
1778 761
1249 1143
1307 690
368 54
1790 38
1574 110
1658 891
1721 134
1957 456
442 983
1001 1148
131 907
832 1612
1869 1711
1676 1426
1121 391
117 112
302 460
299 245
1639 1469
1123 655
1303 1762
1282 1855
369 1283
1231 338
1845 1489
49 1061
110 1813
531 353
129 9
1834 614
1366 388
313 530
721 1145
300 494
1269 1582
1217 1472
1937 424
79 661
1013 583
388 1734
1640 1329
859 1758
1895 1068
938 1585
937 138
230 104
645 193
1797 74
883 1960
1550 680
89 1181
1194 1896
651 1919
1214 1089
669 1428
400 1196
1837 442
449 972
783 1228
1249 566
1449 249
889 1053
1250 1870
1305 1871
1480 70
604 374
1963 520
1212 784
765 1060
1570 1752
688 323
1299 465
145 1960
413 1147
1802 1935
1879 1590
1891 1093
1331 1055
1568 601
525 1974
1594 705
631 1922
403 1080
1469 286
1363 1198
1384 1308
1878 613
1642 1169
7 486
1753 1685
1451 772
1306 818
1130 487
85 906
1095 1611
194 460
1602 748
1007 146
440 1800
853 1353
1139 552
1375 1569
1250 1682
1928 615
1925 226
1154 163
1732 1808
1497 458
601 575
1629 832
1482 1930
1846 164
1188 225
584 271
642 426
1202 216
1527 1359
1071 874
314 781
1638 1514
756 801
446 1870
650 1562
385 251
5 1529
292 1340
557 946
166 1632
698 1919
1978 1183
52 1817
19 1038
261 337
942 870
387 1781
1483 1482
860 1619
1741 573
1890 758
1051 1650
1279 986
161 540
1295 202
1712 1251
615 1412
737 847
1375 1669
1720 1325
1120 1369
1704 99
790 757
1008 1628
1426 1927
671 955
315 63
1967 285
1858 727
1654 100
1707 774
961 467
1493 1941
241 1705
1390 896
1966 770
1117 516
432 1376
655 311
935 461
1453 1572
325 1432
1380 1160
1825 169
382 683
395 1262
267 1057
1589 493
505 1074
741 244
296 123
1 1894
1693 1038
1578 1964
1479 1689
33 651
1952 847
1084 1619
1431 1477
878 213
1159 849
668 1805
1339 1204
1354 274
1460 752
1788 1047
723 928
1483 380
664 1969
121 304
1037 666
835 1068
296 15
714 640
1892 696
1530 1103
315 1393
867 1422
1660 466
1853 1936
607 1608
732 592
353 1925
1073 795
1818 627
1574 918
1782 1616
1088 1456
1155 802
1469 10
1677 895
576 402
1505 81
1388 1809
373 1058
1765 307
119 1818
331 1269
920 862
1554 1139
405 1482
893 1712
475 1863
344 1526
713 1284
1510 1655
1090 27
1884 1144
538 420
147 1367
1148 1068
745 1120
1473 86
1447 1069
234 300
1009 392
100 1909
365 124
144 1659
1277 1632
1572 1828
1712 767
1636 1645
310 317
1594 1971
462 1333
565 1474
445 288
427 1242
1161 742
1054 611
741 724
1534 1803
1488 306
1709 1233
839 968
1202 495
811 1539
231 94
723 1280
357 1980
1864 1485
1924 980
1760 1491
1058 587
112 97
1374 232
1381 493
1855 332
1177 1755
689 1262
1246 343
955 1975
1264 1330
709 1598
1686 103
1122 1616
263 1311
854 620
265 1262
1337 1262
1510 353
915 882
631 1409
1988 518
364 698
1516 1905
1518 811
1215 1632
1918 449
254 387
586 1930
1125 514
1674 663
1866 1297
325 1858
1593 468
1353 1657
1279 695
1524 1699
184 543
509 1795
1621 852
1691 1436
416 257
1164 101
774 1395
1018 991
1224 1143
666 1772
1028 19
1265 1481
749 1080
1900 1531
1804 1891
629 541
1701 774
433 1684
766 1809
275 1968
405 989
1969 1106
347 1196
797 1067
287 1190
328 1136
612 1864
1491 1303
221 1281
1950 1895
697 1880
1104 1801
1416 204
1670 1544
1200 1496
1311 272
1762 1733
647 272
1479 1941
43 1691
66 852
152 277
1298 782
910 785
7 840
78 154
1454 786
11 905
359 71
219 1293
58 1958
772 219
52 1432
1813 1409
1600 575
371 1014
650 1705
1765 1522
968 409
862 1729
873 424
673 1980
1910 1015
549 1406
1491 1684
1274 1682
401 1205
1363 623
1925 1618
570 737
226 631
1589 913
1118 698
773 660
142 1802
309 922
252 1886
1362 835
1008 994
1507 1812
1516 1879
60 1825
1269 1068
1303 750
1756 1212
1489 745
428 1634
1532 1960
746 777
905 496
966 1362
1692 1939
513 1019
1458 663
1400 54
1415 1351
1429 1377
1126 1177
1206 1774
1476 1806
1594 25
1182 880
621 136
1039 1598
112 1915
691 319
1475 561
34 1070
1882 714
1216 1857
1771 382
1586 1684
905 1263
1335 1320
1326 557
575 1959
74 1842
471 1921
1720 1794
484 97
1628 626
1072 1622
1355 788
1377 1343
95 872
1508 1903
476 1201
1345 321
138 356
1976 928
1203 979
201 857
534 563
1353 1933
566 220
566 1808
394 220
893 460
1478 1985
1220 1444
1480 324
767 1294
1267 1013
88 909
232 326
1360 1575
532 852
1434 115
564 1096
1899 1390
69 937
1904 1410
1252 1035
206 1385
193 898
1762 867
1430 1438
56 1192
772 1052
398 592
574 1987
282 1603
301 1151
1999 1099
604 1530
330 420
699 427
306 1787
1739 1796
936 1408
1463 1412
1568 26
1484 72
1211 366
1024 1513
782 1628
1947 168
289 1653
592 822
1785 238
873 1808
1164 42
374 352
995 95
1602 1166
1429 1440
620 62
1140 1148
1995 77
244 229
1 1522
693 1322
1689 1633
1436 1121
1 772
997 933
1738 168
1643 332
1037 1950
1866 1701
1536 1327
1331 981
173 379
979 1149
1891 326
84 1019
1319 1717
129 1841
981 614
1044 750
498 351
1627 1018
1947 1622
1861 1064
1310 82
552 827
1926 254
17 1146
1742 601
1647 1797
1118 1995
1261 322
770 205
794 1789
1594 1061
1419 1766
287 1742
1009 724
1234 499
1053 1960
16 1232
641 1640
1096 1845
582 586
253 444
814 1671
1545 493
1897 947
1565 177
410 1997
1030 1361
29 1569
279 1462
1043 568
1968 1592
71 811
373 1081
1820 524
157 1675
1530 1215
721 1045
617 126
287 28
210 414
795 1569
1338 31
1232 1970
1716 550
315 1963
1852 1559
8 1924
75 1577
1273 485
1110 1634
1991 1417
231 1494
557 272
735 986
1161 550
1291 1738
1276 813
982 79
1460 702
191 1287
1146 1953
1253 706
1153 61
1519 1496
1923 246
52 1572
1646 1894
1274 1234
718 768
65 1852
567 1153
65 1136
1302 1035
1377 53
1507 825
263 1054
1150 1606
1768 977
217 1723
1077 1097
1217 552
1624 1782
1067 262
1436 1478
1614 143
329 1104
1685 7
1555 1095
1152 555
322 1763
587 1141
1456 501
1620 583
1329 729
1867 1676
1861 400
1026 1813
1911 1670
1456 1980
1628 1479
1325 37
1810 756
888 554
1774 1617
135 596
282 927
1787 1808
1477 827
388 1833
1332 529
1223 635
815 358
389 1191
323 166
878 117
294 1309
1583 402
788 786
1420 930
1996 1180
918 1680
1987 1418
1914 1498
1541 1966
923 201
957 1945
664 1776
1449 61
605 1517
1702 1218
1109 1372
1141 112
1367 116
1138 1329
316 1531
124 1921
1587 411
1104 1313
1469 1500
218 574
251 1917
1001 1079
1201 1464
1961 924
1206 872
1792 72
1438 616
1993 1186
1205 394
484 305
670 1200
456 1478
964 147
1023 629
1657 547
1283 1320
350 528
149 405
619 1395
708 1699
679 635
389 1208
1205 437
1918 1182
484 1198
79 1906
1591 663
7 58
998 277
1051 1348
1188 570
1081 432
565 1451
1811 661
687 136
1552 1358
1810 515
1004 1991
126 1458
361 879
746 1528
176 844
1178 1836
739 1891
1241 1420
158 1097
429 284
177 1118
167 1746
795 1201
1063 1801
1035 203
114 835
1417 1965
1441 1637
521 1056
1137 1792
739 300
558 1042
1808 1578
504 200
401 357
1516 1560
422 1507
189 1078
1277 343
968 1774
635 1813
1243 1923
1837 1005
432 68
1601 827
1945 15
612 1839
917 804
1957 1720
464 1567
1888 1756
133 1033
30 511
7 1612
975 1272
1753 1978
220 910
1118 1877
199 310
771 450
1246 748
1550 44
1329 1439
702 1448
1796 1673
1698 86
618 1880
1247 130
1774 693
1445 450
380 533
616 1265
1442 1103
229 1177
1361 1147
1652 1964
835 980
1117 505
363 1695
1251 430
1195 495
1273 1396
768 1127
140 656
1693 1041
1472 419
1045 880
1511 41
1185 671
93 916
1245 963
1848 1886
1934 1012
1939 1584
674 1743
815 1990
90 40
1013 281
1817 753
799 200
1926 1366
1340 196
803 1940
1660 214
685 1829
735 1226
498 1959
1116 653
1357 43
1554 180
749 1924
1432 660
965 901
879 198
1514 1829
240 1398
1762 1194
1025 1288
7 1966
1417 1301
96 616
220 209
1368 169
270 960
1457 1510
481 1769
425 118
1745 1585
971 1515
1255 1016
1143 1763
515 722
605 975
1948 310
1338 1927
1691 1666
706 1629
1961 408
1624 480
497 1991
1794 1616
1891 798
893 188
1285 586
94 1900
368 34
1263 1018
674 1058
1449 76
374 266
1014 1115
835 1451
1761 49
1212 1856
1822 69
1719 1801
633 426
1644 1013
1635 618
1886 186
1032 1055
385 1357
1200 1537
1458 1428
1042 248
817 76
1934 56
1473 509
1581 592
1559 73
1661 1425
846 356
1420 398
196 1088
774 49
746 1537
511 1473
1661 835
1815 1254
1929 1812
1183 1736
345 500
208 919
1538 144
748 1088
340 690
152 647
1991 1658
35 972
1562 623
799 1264
1250 112
683 837
763 260
436 1961
640 407
1305 172
1009 952
736 1877
1021 1850
1136 533
78 1978
1982 334
213 721
370 544
1011 613
386 304
1392 421
1946 238
1932 263
108 1539
1935 100
1127 1278
1664 1588
1238 1784
1405 1308
432 1916
316 21
1016 106
622 1554
606 1997
1290 1509
1137 829
1857 715
174 461
838 1258
576 836
851 1474
1486 361
102 1751
1457 202
1704 348
1616 1948
1816 1273
863 681
257 1463
1972 532
1424 438
604 1117
367 1396
1154 832
573 1989
983 371
702 1038
863 2000
311 1874
774 43
590 1394
1318 1840
1955 939
152 934
1534 1116
209 1285
1948 1218
982 412
4 127
160 1021
1794 1597
1468 1886
820 1715
816 84
837 1344
1491 1229
1274 960
1540 1057
823 249
1215 873
116 413
524 1650
231 214
1814 88
601 387
1081 852
416 1103
1581 791
246 980
1415 1365
1638 1391
1369 1277
1456 307
336 1096
1308 387
1623 963
1734 1855
449 1652
1640 1145
1950 629
411 698
243 1492
327 1881
1662 857
1114 881
898 1589
38 520
1480 334
124 1233
197 1915
1177 562
1581 1554
1524 1937
695 447
36 1659
1007 1657
1599 648
1573 239
1785 1402
1476 1327
1009 587
16 1951
1823 1031
816 761
1282 1567
11 1756
1317 663
1549 245
1233 1989
842 1181
971 1313
1410 271
954 1840
1731 561
1376 1783
1171 210
550 529
1108 1066
1812 78
683 1829
1975 59
543 778
405 1985
478 512
1798 1297
1843 1758
1101 873
1454 1618
924 707
1996 1606
876 1253
1655 1394
255 514
243 368
575 809
1995 1818
1211 620
1469 636
1339 1595
532 69
1663 455
1033 1176
1982 656
1920 1575
1424 1329
521 30
1592 465
325 333
1025 248
916 1859
1921 1270
1162 1703
427 1927
341 254
642 471
1701 1609
686 1207
714 884
637 276
1731 823
1457 1236
57 532
1624 986
774 1564
1906 1191
166 1254
1120 1460
532 1723
242 1793
1474 1252
1826 329
578 1059
471 1503
1475 574
1643 1604
757 139
1935 1281
972 1905
832 921
270 1831
1063 587
598 1208
255 632
144 283
1058 1571
151 745
388 1904
835 356
1753 1584
627 1638
1649 178
460 1655
1440 123
1231 771
1201 868
1971 1199
1783 344
301 479
1960 1321
1206 987
1303 1194
1897 420
1476 1952
911 1744
1355 1718
1077 1658
176 741
1072 31
580 1994
579 1518
462 1105
1074 1448
222 1095
768 1609
15 683
1575 230
1697 207
1455 602
1164 1517
1188 179
1722 1753
1623 1778
198 969
662 1976
1 95
1221 1944
664 1778
1232 1578
1433 29
376 140
1240 379
1058 1766
1058 1128
477 1175
643 1514
1556 1292
1772 368
448 1277
928 94
860 547
1789 813
1369 1419
661 956
706 1432
1302 1809
1528 1672
655 1336
653 147
304 128
1915 311
253 648
835 168
603 1704
1252 313
1362 631
1564 1855
1514 600
748 470
1049 197
942 1487
1450 924
1994 202
1045 1037
942 815
917 524
137 1599
1034 760
1327 15
1749 1891
1346 888
605 1988
1910 1350
1393 4
8 1170
1682 1300
589 1066
1348 1539
395 1923
575 631
768 1901
168 406
1808 1125
61 1328
1405 379
221 928
1959 652
1840 1206
1466 1836
132 1011
1918 557
18 1534
1281 533
823 639
1907 699
1121 594
637 415
313 216
897 914
1104 1418
1599 739
1167 1333
342 48
298 145
515 1495
13 1000
1015 401
755 1363
40 970
1035 1498
1044 398
670 1619
1452 748
633 674
815 737
1440 825
768 155
502 1967
53 1981
1924 458
1127 1414
468 1171
441 955
1847 782
1490 437
431 1793
1139 1796
1346 217
1690 20
1511 529
1373 651
406 866
974 919
1597 32
873 458
1989 131
1755 1282
264 433
1152 260
1713 1963
589 317
383 1590
61 141
1118 1856
1631 815
526 775
550 611
1561 1180
646 16
1001 1295
1465 856
645 723
140 1233
331 1853
928 107
1932 1466
1019 1307
232 166
653 1116
338 350
1817 140
126 1082
1662 125
1995 141
1590 1059
1339 785
205 1890
426 1449
701 1980
1562 841
1306 1658
1744 1894
1497 1305
1663 667
633 1422
839 1533
830 254
832 1049
664 38
604 11
207 1043
1944 692
1973 1900
891 49
1561 1942
1342 1702
490 1178
1522 89
461 951
257 1979
1580 758
1769 1058
397 1823
1978 379
114 1864
1034 1529
1127 1969
1284 1841
1886 1487
1850 1098
1213 1957
782 24
172 471
1724 506
1969 1534
771 1935
956 901
1999 389
1891 47
936 1675
14 1089
1687 449
212 899
1643 280
1161 646
476 1810
1582 261
844 1073
1862 126
1609 1056
63 938
1831 1368
376 1046
1389 1910
1291 899
1831 306
774 1467
1018 667
1472 1566
657 1117
508 211
604 1740
1363 902
756 1167
391 339
114 1795
1607 156
451 233
1927 1483
1445 1680
1027 1184
1136 1211
1312 1495
1081 1663
576 928
1535 694
946 384
706 1460
159 1952
720 169
89 1542
1947 747
770 1795
513 621
408 1299
1961 1333
1826 1434
1313 1640
389 690
595 758
1551 1195
1853 1565
643 336
1463 1099
1605 1317
1658 1090
700 668
1758 1234
1027 5
900 1744
1825 1999
1392 1862
1225 1514
1139 392
1479 134
414 608
1641 1787
661 505
461 1034
1120 1397
343 1759
1757 828
633 1066
77 1372
254 468
1432 1722
1229 1764
1169 89
1392 1349
105 1214
245 1573
613 1929
1767 776
364 1589
1774 393
215 107
66 885
1941 1664
1543 1522
1591 1667
1373 1289
255 1739
1160 1549
283 1312
1904 937
1712 1203
613 1422
623 600
1248 436
1704 350
742 1479
711 267
698 895
1297 343
1086 1190
1866 579
1036 1020
808 1516
85 440
380 259
670 1321
1698 397
1046 455
508 157
1822 1856
37 914
145 1746
335 1784
1248 869
1540 1365
1016 346
1417 1857
602 488
1796 965
733 677
1511 1321
973 1818
1494 687
1167 1203
929 866
1648 1669
156 1729
1257 1501
674 1580
987 522
1836 155
550 1569
638 1771
221 1877
1302 377
1515 160
1988 201
882 478
1495 1275
506 1955
1663 639
1828 169
1264 993
309 1290
905 1553
858 1484
1741 83
781 1437
1602 1395
1188 1773
1593 54
544 1024
455 979
965 858
1757 1708
954 1155
1538 962
1078 1963
1622 1988
1320 860
1927 1903
1218 441
1900 491
462 1804
286 1894
1543 1127
491 312
1398 1624
327 1783
1048 1027
657 1794
972 1973
634 692
945 429
1370 747
936 537
1330 1130
584 163
1351 763
302 1947
816 497
94 1733
1015 408
1892 972
919 1019
704 156
1911 1166
583 17
1811 1056
315 1118
828 156
224 1109
245 1869
962 1651
1379 1576
1631 300
747 974
466 632
139 1416
384 215
1221 505
1966 728
196 100
1110 1276
989 1348
1126 58
1106 1594
205 330
740 1623
1027 1141
1922 1997
1988 618
1964 735
759 1567
394 163
523 1147
38 358
204 1648
750 698
1881 1120
1391 966
626 37
1958 648
890 355
831 1637
1191 269
1195 1049
1999 714
79 258
859 1210
1508 1563
510 1069
742 281
1799 1414
1907 52
1858 448
354 764
1504 500
22 1387
1509 979
674 1347
713 1216
66 527
1259 683
193 918
1227 1528
490 1527
210 338
476 1622
27 1958
190 484
1717 1391
1376 677
860 1995
110 620
394 800
84 1176
178 1662
1071 1936
1892 1326
832 1195
1777 969
599 912
1698 462
1415 1960
975 1810
202 1352
726 1631
910 98
366 88
1386 1784
1166 715
379 1600
25 58
1196 1924
864 1665
928 532
270 1055
241 1345
973 1785
1842 244
65 65
1930 1129
1667 787
683 985
699 604
1717 491
956 1908
1269 666
1311 208
1556 639
1353 700
806 427
1815 1479
1998 254
774 827
1334 278
1105 927
437 1887
1302 1278
624 1329
57 619
485 1946
963 92
1271 1968
1164 1071
1899 793
1088 630
1786 1834
723 1363
1488 1244
301 84
1591 1473
1374 488
743 1262
1986 215
316 1203
277 1765
1651 930
566 1485
1958 1968
291 1624
265 1065
309 1156
1257 1320
595 423
1459 929
299 269
1063 908
1698 767
644 1835
373 1164
1579 1985
636 950
1717 256
81 1093
248 1398
1258 1010
1252 822
919 1982
785 189
510 1378
1497 207
1361 1279
1352 150
391 464
629 402
727 1501
1927 143
484 1886
123 765
1731 644
1402 995
680 21
1833 114
512 1762
1028 941
1214 1509
1084 1572
407 1795
1663 1424
1574 1214
917 59
251 953
706 1486
212 75
1425 1723
415 1709
321 989
976 989
1587 14
1003 1467
806 1672
210 1055
692 1322
1158 1074
1667 1619
1392 501
263 1862
585 1038
677 84
1065 1999
1573 1668
1203 799
612 1519
1883 398
1247 1822
1429 1564
679 1376
1697 1244
44 348
967 1961
265 1725
213 920
753 1110
1755 1176
1433 640
1025 858
678 1055
611 474
575 268
1214 1259
1182 953
1781 1971
1514 506
582 1894
185 183
341 1768
1990 1845
1273 310
1701 323
1061 1774
1032 1559
408 1513
1327 675
1733 1806
324 739
1588 1897
1208 1971
1277 99
1920 1725
1626 1089
1735 465
1547 1489
9 1409
1369 592
877 1142
885 880
1864 808
677 274
199 1077
8 1547
1831 534
1850 34
1034 1980
507 1424
1992 1020
1826 1840
1219 1394
1054 1797
1653 980
337 51
705 1190
284 976
1692 1819
1397 175
14 362
787 1556
1542 961
1398 1838
165 161
1855 1486
868 1889
368 1436
1430 1684
243 901
547 893
199 371
109 769
1651 1647
917 92
1758 1512
1348 97
65 1958
1442 1465
1542 463
196 1499
1282 1510
849 185
1730 822
55 1358
1876 377
193 503
1532 306
812 1961
125 1341
754 1213
845 63
1242 248
1367 227
1736 873
117 515
1754 158
1625 152
766 170
1832 1904
1635 186
1028 555
1910 352
1970 1520
1967 1691
392 1546
1227 1315
1733 1463
1216 1807
1306 670
1519 934
1816 1023
781 565
1288 1278
257 1357
1537 880
737 1134
30 1212
1842 419
367 1388
