263
429
976
56
31
940
168
28
487
658
273
218
944
664
498
705
709
490
61
931
421
664
632
538
876
282
145
61
430
984
589
436
780
641
69
126
625
208
629
603
566
57
355
843
705
781
514
898
804
290
366
642
429
899
716
466
371
620
252
606
690
500
412
226
495
380
61
580
805
132
423
845
618
862
924
729
637
189
315
491
65
995
542
138
352
82
209
204
707
243
150
461
346
893
948
63
469
317
87
180
845
626
144
29
373
630
426
239
237
718
921
754
65
191
630
20
122
496
985
989
469
554
243
537
430
693
365
238
418
971
65
576
139
880
505
834
239
890
563
903
823
525
622
610
883
884
360
681
985
572
445
920
759
900
552
283
867
194
508
929
981
239
730
555
870
65
626
948
103
550
625
697
5
802
891
860
560
861
476
210
843
581
190
598
260
988
828
613
540
432
5
466
271
735
351
85
236
304
615
786
206
638
490
721
288
242
977
234
807
363
541
289
392
624
274
382
216
533
430
304
261
662
537
23
720
497
986
149
389
572
502
187
243
391
497
571
61
135
218
93
555
609
390
15
556
31
375
348
104
726
482
660
513
208
731
70
658
305
580
468
53
525
256
499
948
982
944
74
948
114
217
133
212
933
154
928
854
369
517
763
508
239
926
469
219
542
719
178
525
287
628
924
63
611
891
31
232
938
659
467
622
559
536
530
508
690
818
765
573
6
63
909
681
655
220
638
792
652
366
94
857
100
658
249
477
800
947
290
971
635
850
482
126
767
291
720
887
486
755
261
988
257
83
60
282
498
315
242
954
431
341
66
525
63
555
713
929
440
260
225
795
984
536
240
108
701
215
268
950
759
357
8
891
643
304
767
820
644
367
148
59
626
13
25
220
724
421
420
839
482
495
191
126
571
628
530
632
608
234
855
317
603
279
94
773
437
449
54
257
876
202
605
859
511
135
119
614
383
305
698
529
987
944
797
383
578
692
60
891
349
663
222
205
697
643
950
486
636
625
610
658
731
630
457
220
11
267
207
255
898
807
226
253
238
835
715
82
143
527
948
418
294
641
170
382
246
317
490
918
351
366
469
721
952
73
41
283
309
435
565
432
943
618
556
353
172
189
461
606
797
382
964
381
623
525
798
440
649
889
893
181
296
500
552
36
804
207
580
265
23
290
964
948
86
126
265
224
715
177
215
678
571
65
389
552
314
122
608
732
530
437
279
309
483
874
200
912
264
74
433
264
494
158
137
610
360
578
681
697
589
78
287
264
229
139
530
763
919
708
636
179
773
661
181
151
709
657
834
342
73
263
373
304
209
889
263
981
753
268
158
436
639
571
884
638
363
808
94
79
440
701
907
202
250
449
925
122
718
113
307
285
194
173
306
524
353
358
214
82
755
571
498
453
223
930
989
552
256
787
850
170
466
568
622
234
86
235
833
159
565
48
205
315
625
526
668
789
179
110
24
318
580
73
801
435
988
984
119
412
466
668
475
556
773
988
555
659
179
23
210
304
232
569
305
552
738
564
126
607
639
610
759
140
387
392
729
530
549
418
761
581
725
745
440
726
500
36
263
982
568
729
136
861
216
29
498
513
797
881
369
607
212
456
376
312
33
49
981
949
312
449
267
850
808
19
641
277
797
929
298
122
729
274
712
736
29
133
265
240
639
520
151
452
294
472
826
536
36
488
127
985
300
252
263
861
504
944
509
928
96
668
578
260
144
739
156
55
273
291
189
139
678
879
747
220
900
951
124
681
707
981
625
54
126
193
875
522
172
327
884
219
208
280
168
504
938
903
82
767
119
970
358
483
294
259
1
285
651
419
687
897
29
533
955
948
496
319
918
973
626
668
126
207
773
840
735
434
429
21
239
649
313
324
390
625
216
625
754
300
256
208
619
243
877
23
704
755
221
180
845
181
555
5
579
369
984
154
511
954
446
573
530
313
126
884
284
607
513
693
261
492
468
498
781
816
589
100
500
488
315
548
498
841
265
329
61
529
124
798
538
546
137
235
709
657
69
383
143
938
258
504
274
315
224
472
836
699
921
500
975
223
683
510
264
707
25
584
219
208
431
486
131
938
392
955
512
295
358
482
152
900
279
490
578
838
894
268
294
187
214
263
264
242
251
754
350
50
265
412
814
236
655
585
388
363
989
590
756
279
500
3
560
861
41
918
977
232
340
341
353
550
78
167
661
248
695
771
142
208
348
759
412
447
495
355
480
918
56
243
556
745
850
951
964
156
846
262
225
250
471
807
469
218
580
536
683
42
375
543
261
857
739
350
845
342
622
157
651
314
221
545
575
537
807
203
283
573
97
735
704
371
892
707
108
227
763
125
383
532
928
202
757
482
122
462
552
906
465
988
667
821
555
930
500
695
262
739
550
24
181
135
981
971
242
559
635
189
845
353
673
390
795
319
28
256
575
382
826
254
487
396
437
497
591
190
876
890
484
777
211
913
207
353
720
187
212
630
516
617
954
595
242
176
489
828
893
497
203
549
365
215
559
480
755
291
880
46
122
808
988
912
285
738
660
626
262
146
232
959
759
308
253
613
891
438
223
426
611
35
29
919
217
704
578
88
422
980
929
276
807
431
835
766
220
63
504
409
19
930
294
221
125
530
935
586
228
630
976
221
496
134
8
711
530
391
536
422
576
816
227
638
312
939
533
242
748
433
90
974
888
137
778
110
194
931
899
423
626
194
311
529
88
309
235
6
53
626
468
710
285
44
490
228
139
637
570
590
20
61
625
317
904
857
65
787
510
833
367
202
911
263
615
879
491
609
430
286
948
607
482
937
529
948
515
500
442
440
213
275
438
850
530
188
736
615
215
924
735
636
483
184
179
928
87
930
472
562
984
447
553
430
905
537
371
387
943
224
502
988
23
113
655
373
845
888
273
448
87
55
600
980
632
342
354
900
146
267
755
490
390
152
312
966
169
401
358
948
175
670
90
644
93
219
556
449
618
731
286
66
608
144
189
898
363
229
527
171
54
19
266
729
622
754
760
304
683
152
931
709
303
369
635
385
660
225
640
146
524
889
523
559
759
363
446
563
984
189
194
702
578
662
487
647
578
300
357
926
306
735
453
157
912
984
925
677
970
229
947
706
638
944
218
25
197
584
319
199
686
706
860
549
231
330
542
909
578
906
349
225
985
589
920
818
800
466
189
54
193
735
577
980
302
243
839
422
891
23
655
100
921
112
780
62
829
21
984
126
626
981
142
531
543
85
287
766
816
511
426
613
423
280
607
938
743
529
491
704
251
103
888
789
315
509
167
897
269
913
984
653
173
970
85
549
19
860
218
162
309
320
688
21
37
154
653
65
517
365
319
56
627
655
367
476
820
351
950
346
777
819
864
879
239
807
382
831
206
826
65
875
701
445
631
613
959
820
382
472
954
360
41
265
867
711
560
913
802
437
662
41
543
127
148
788
737
46
223
623
311
472
536
920
542
427
919
951
249
602
206
274
358
576
508
50
716
279
289
246
237
112
814
425
552
924
189
466
973
502
864
640
771
309
104
193
838
926
2
329
828
251
872
384
876
867
126
640
781
6
600
66
231
447
831
517
353
243
729
883
580
194
355
209
643
699
562
708
777
237
543
605
459
977
326
210
807
29
225
988
632
93
522
692
601
208
463
577
627
268
285
90
658
213
229
442
158
468
887
46
692
31
284
33
132
659
701
31
540
881
869
731
504
13
348
498
721
5
530
260
900
717
19
596
242
719
643
85
653
223
773
313
41
507
864
626
169
530
654
630
234
175
798
156
516
23
846
422
442
110
654
760
570
232
796
37
304
504
509
49
189
689
157
796
925
223
844
213
931
398
77
194
446
638
90
580
433
924
721
237
25
954
951
744
833
688
389
179
560
919
154
773
989
311
203
697
322
234
576
845
553
135
988
909
739
246
815
798
887
981
82
536
138
583
309
900
157
56
55
24
395
246
556
893
431
256
226
489
661
818
981
480
167
375
206
230
508
615
668
396
353
353
152
78
79
893
324
660
20
459
656
661
970
919
808
386
510
269
311
329
384
350
210
437
452
278
292
245
309
65
446
499
239
937
516
480
318
353
543
316
243
268
583
662
557
358
421
937
132
419
955
379
982
657
523
300
619
598
261
477
841
63
644
502
833
705
6
245
807
755
584
787
305
380
514
318
861
702
649
296
46
210
815
619
440
536
239
611
383
391
729
257
802
760
921
626
9
291
142
987
781
633
683
142
255
561
305
897
526
729
133
800
633
606
709
899
126
122
176
19
251
631
287
314
208
650
289
681
720
383
54
158
124
422
291
437
533
214
351
654
557
1
767
220
42
509
271
226
944
513
255
313
816
431
480
622
573
208
685
491
716
834
779
211
152
232
989
966
893
436
778
618
492
508
306
311
27
217
370
581
232
31
937
639
659
327
476
59
712
498
545
223
985
463
392
175
552
53
115
543
940
735
511
687
797
795
369
917
887
245
358
467
461
889
272
243
62
535
711
807
373
452
577
20
752
422
124
944
989
990
59
394
469
500
112
555
836
732
626
256
57
80
177
