2000 1000 2000
1664 1028
763 1664
1541 1028
1544 1664
69 1544
1473 1541
475 1541
1551 1541
579 1473
262 475
1777 475
1916 475
391 763
807 1028
1357 1028
1682 69
345 1544
234 1541
63 391
480 807
1762 1544
306 1916
1436 1777
891 391
1852 306
523 1852
264 475
313 306
1139 391
1792 69
1604 69
398 313
102 475
1961 1792
1871 480
80 1544
1158 579
747 523
1992 579
1299 891
1580 80
418 1664
72 1916
665 1139
1659 763
1060 1139
108 1792
1432 523
24 1544
1287 306
768 1287
1294 1682
695 264
1469 262
243 523
1332 1469
848 1299
1138 1158
770 1682
1997 763
1529 695
788 768
664 1138
734 1916
77 345
1448 102
1321 69
1723 770
1178 475
643 306
1950 664
1687 1762
5 1139
61 848
1743 1432
1969 1961
1787 1916
546 1473
1937 1871
1338 1138
154 480
514 1551
1065 1937
361 807
269 1743
977 1139
749 1158
741 770
1396 1139
1806 1723
521 1687
849 1580
1309 849
383 1792
1646 383
9 1992
1019 1950
1297 383
682 475
265 891
1413 1396
1393 1019
1347 480
1822 1950
530 1580
1669 1604
1708 1393
1425 262
25 1723
208 1028
453 480
1508 391
1160 345
573 1294
1763 1138
1995 891
1533 521
672 695
1760 763
772 1060
1434 475
1092 1413
993 768
331 1969
731 1436
1946 977
1355 1787
1651 453
38 768
1564 475
881 977
560 208
4 453
415 731
445 643
143 749
1531 1178
339 1287
1706 788
292 38
219 80
859 4
742 1564
1920 573
104 1706
978 1508
1503 1604
921 1503
1666 1332
1681 1687
84 859
832 1355
335 734
1190 154
562 243
15 264
1146 978
716 1666
266 219
831 1723
1172 1992
675 1309
679 1681
1342 1138
1519 1396
972 453
1568 1541
1465 1706
341 1646
1085 1448
1625 1651
1685 1946
1295 104
574 1969
1289 306
244 1706
875 1338
20 521
1597 1580
1761 859
460 1299
252 1937
960 1708
1786 768
1150 682
1877 579
1572 1338
1732 1995
1128 445
1479 1664
168 219
1145 1687
1373 1425
1165 398
915 1299
1973 1150
1993 741
1231 1092
1600 1128
1864 848
1652 1762
1274 848
660 1479
34 1786
404 1937
1716 1529
725 1659
1000 1604
1474 1138
1380 960
305 418
1203 234
947 1568
287 1568
869 244
128 1992
1317 881
556 1469
33 335
988 1503
1667 1231
1176 208
1717 1503
438 4
1499 1145
706 69
793 881
737 1150
317 523
614 1160
1546 460
681 1295
487 108
632 1652
1003 1396
1018 102
55 1321
382 1139
256 1396
1308 960
651 266
1255 475
324 742
131 1289
1957 269
1510 1473
693 1786
708 1294
686 725
1878 404
1331 772
1638 1150
885 1786
1222 1920
1734 734
1245 1743
912 1685
316 1946
1268 287
1728 1332
333 25
228 1961
867 1669
1411 1294
844 1294
1642 1396
1495 219
1285 832
1647 1176
916 415
1115 530
838 1597
380 1289
528 1308
599 1878
1752 208
1467 1465
1862 695
1547 1529
1513 382
1456 1085
1307 1160
1921 1331
157 859
280 891
1034 1274
1491 686
349 681
1555 1434
140 317
1387 556
593 947
1090 1065
676 1018
464 614
293 1411
989 1469
580 749
1063 84
1853 38
663 80
1914 333
779 1822
479 1479
372 1763
105 1456
704 1920
1592 514
1835 1659
429 660
1422 1546
68 1723
1219 280
1869 859
1613 15
1680 867
538 651
260 383
902 1467
780 1687
87 80
1123 1957
1590 479
281 1995
627 1708
1630 243
452 1529
433 1176
1237 345
1489 1380
1405 1763
1963 128
1213 1355
1507 1864
1225 807
1324 1307
697 1669
307 313
823 1436
732 234
784 885
549 643
842 460
65 1669
625 788
596 1920
571 1165
1197 1158
91 453
298 675
1215 1604
759 734
118 1467
806 1743
342 1342
1367 1255
1885 24
325 102
1068 1308
1534 104
531 682
955 1580
1370 168
482 1178
1334 686
217 445
1705 380
1201 382
1873 1564
1540 885
1637 1706
828 1997
1698 1294
101 1297
809 1018
17 61
735 1760
350 1425
1171 429
804 1145
1855 1231
1195 1723
1696 978
1603 1285
1829 679
424 418
705 1592
1898 1465
1563 208
1094 580
1322 1533
121 1760
1496 65
163 1387
1966 697
191 482
657 784
351 1422
1037 1448
1693 1853
552 546
958 72
147 1792
1692 1734
1054 1489
662 1625
1610 121
684 252
991 168
600 675
1093 1546
106 1467
536 1203
1658 108
1618 600
928 1094
1045 292
1464 1855
683 958
1640 351
1608 163
519 972
1617 9
1057 1862
1384 264
1711 460
913 1495
1932 1921
527 1659
613 1287
1577 316
940 1231
654 940
1277 770
587 1219
238 1777
1009 915
249 734
1394 1992
931 480
1395 1519
781 452
229 693
1089 191
1606 1396
1087 665
1549 438
1079 1732
197 552
795 596
843 1760
6 521
1475 1669
200 842
1573 1717
1180 91
1389 351
1275 1160
649 828
1096 1285
1554 280
186 1145
922 1885
1116 1792
237 1519
1493 683
297 1961
533 1871
652 1367
1695 809
1842 1215
1120 1395
1335 1963
283 596
524 1054
1622 1590
203 380
1530 91
1261 487
570 1297
134 1197
192 1335
846 977
1812 316
1740 1393
286 1335
1784 1090
353 252
639 573
1994 168
393 1695
1336 1255
756 1093
1774 1178
892 118
478 781
1193 972
871 140
1311 806
1006 1123
1463 1568
1122 1777
56 663
548 1513
908 404
82 580
1477 519
1677 143
31 1394
1164 1716
687 514
636 530
1593 1018
990 993
1768 200
1101 643
1616 734
1283 1740
250 891
1391 524
1537 614
595 552
671 793
1348 1357
37 651
1202 1395
1536 229
194 859
1344 15
390 523
803 536
677 72
1417 1463
983 33
918 460
46 1666
1524 693
1949 514
1378 990
1088 1172
7 947
1795 931
544 1625
666 988
604 260
1823 72
854 1590
1004 1018
1713 1203
865 579
699 1287
1972 1914
153 1122
1571 1158
312 977
29 460
32 809
1799 1997
1383 342
1643 571
992 708
968 475
44 1307
158 675
615 1383
289 1774
1349 741
1605 1531
385 281
1472 1685
1863 731
1235 725
810 424
1558 287
337 77
81 1784
1582 681
172 106
1901 4
1722 153
1435 1344
1450 916
1567 663
1365 915
145 1640
343 1164
267 1219
855 1116
40 1613
1861 316
1049 1287
819 158
1267 1547
1490 636
1912 1664
1931 106
242 807
100 523
1985 1713
1899 200
1633 1659
581 17
953 29
1279 737
474 25
1759 953
1676 1864
645 140
1257 625
122 632
1204 339
1226 1089
1893 7
1404 682
1206 1045
190 1235
451 687
594 1219
1690 990
626 1664
851 643
813 1057
802 390
1401 892
689 1692
1614 1469
1306 38
370 1812
1312 250
257 265
674 1285
1587 163
1183 1752
1132 219
986 305
396 1681
1703 1425
1742 1752
1947 1465
357 445
1839 1573
853 1349
1971 1261
700 297
767 1580
621 1225
1797 1434
1514 1003
1817 654
8 594
691 1658
1813 693
522 154
1259 596
965 264
1046 280
1926 1717
653 652
1421 1893
1098 604
550 350
578 1087
239 1491
1545 1597
1310 580
1736 1507
1252 1308
329 56
777 1717
1227 1334
796 639
1284 168
1826 383
1445 1297
58 1593
227 1178
314 1582
75 1277
820 784
1055 1862
1228 1299
141 1912
354 697
937 287
936 333
1578 24
1426 1622
443 1317
1928 636
1674 438
954 1708
1874 1680
507 732
1084 716
971 1084
421 1003
420 1275
1970 1474
722 1693
646 391
714 1472
422 262
1922 848
18 228
1911 1853
326 1722
1981 1160
1525 81
368 1464
1040 145
338 1529
1030 593
900 108
1223 331
1412 636
1447 382
658 1093
241 992
472 1957
933 1445
852 100
1288 626
634 1299
812 239
1243 157
1645 1063
245 843
1955 1992
426 1448
47 1336
1066 1625
407 1380
1689 1235
1248 538
1626 241
1375 1165
1184 1687
709 1695
1841 1787
1346 1261
1433 596
1672 354
473 480
1535 1463
1560 1616
1849 704
1516 81
858 770
951 965
1999 343
1778 1469
1419 1667
1805 1432
1779 1087
1418 7
1017 992
14 7
1023 101
611 977
1857 1045
1798 732
1660 900
359 1068
1328 307
1808 682
1902 1227
1987 1336
898 955
1639 1647
765 1401
980 651
985 292
124 1040
1406 1332
199 1490
997 260
210 1412
1015 396
1016 1098
617 1172
685 1030
395 634
752 77
1 243
1263 664
1775 1335
253 1158
1430 1139
1755 1045
944 1373
1585 1558
1725 32
1315 337
1748 900
903 305
1301 1312
362 1742
1137 1289
1126 15
1888 337
1218 912
561 1499
1913 1055
1127 1138
355 1902
1131 1223
1656 885
346 307
95 1222
619 1259
723 281
1427 1690
490 1393
1714 424
1801 1605
1064 102
577 337
656 1190
1746 1277
202 1448
641 842
920 1317
1212 1681
696 1995
110 1692
1497 1667
1710 958
1415 1551
328 244
1702 266
1836 768
50 250
276 1049
123 335
877 1842
896 8
294 1378
1147 933
1011 1373
489 1723
70 1723
975 1190
739 1197
175 739
230 1237
435 536
598 6
1948 1992
948 122
1569 1798
1205 1763
1832 124
26 1445
1908 1725
575 1995
1492 1674
1053 1037
631 256
558 1098
369 238
212 1799
1737 407
518 451
1594 972
836 871
1576 533
216 1057
650 596
1110 1578
485 682
1990 1580
440 69
1129 1571
1942 1901
1802 1762
1586 683
1662 742
410 765
466 61
378 1079
1189 147
564 1531
541 1006
1977 1590
1542 1223
204 1138
887 1349
381 689
1943 988
1824 593
1253 87
648 1426
1644 1913
1386 1463
1276 541
1850 611
1025 349
51 204
778 1096
332 1922
775 832
1186 46
109 560
363 747
1056 1547
910 1127
794 1533
743 1664
698 1622
1039 813
1121 916
1021 372
1354 1055
387 1510
1118 1176
1166 1285
1631 807
1454 1812
717 1797
1478 1121
718 865
1446 1775
1356 1869
129 1183
367 128
1360 892
215 1864
439 1510
392 1079
1904 480
93 1499
878 1394
1528 1817
318 521
401 1147
1851 1274
273 1223
1353 920
413 1554
189 190
1800 1353
966 1851
776 1604
179 1367
1751 1132
956 1406
1179 1383
946 208
702 1813
1707 1040
911 1851
150 980
295 869
41 1454
864 1576
868 24
462 1432
963 1259
1220 1660
1683 723
1398 241
1962 560
688 1585
263 652
815 1
841 1503
1526 1045
1882 865
720 1180
1468 1812
906 1248
845 1360
222 662
505 263
1303 1434
1765 564
551 1503
384 1705
457 1817
135 5
659 1203
1304 1065
873 732
1141 466
1915 1344
1919 1901
1399 1711
454 17
1286 260
187 1746
1523 845
673 1812
1229 1176
1262 454
1134 695
315 1472
1217 1384
1697 5
1699 1990
1840 1877
969 1225
713 645
1221 445
1958 615
1562 1406
882 1667
60 1728
847 788
1059 978
1376 937
542 269
165 1528
870 256
880 1533
1377 1963
1557 1558
1032 1171
1038 140
537 1622
539 659
1174 1004
399 252
1936 1949
1620 1529
1143 556
1441 1053
825 312
45 1779
1026 1116
1249 1328
1366 50
171 1165
1830 1303
943 562
1500 851
1596 1222
1170 652
1140 522
1459 1871
1099 1418
1152 1937
1364 1969
582 825
221 1981
2 1336
866 6
1043 577
1029 1508
236 1645
71 1412
950 1536
1820 698
1453 579
1097 1131
1538 596
1210 1966
1013 809
125 474
419 1447
630 657
893 804
623 1893
970 1474
607 1231
116 202
976 20
792 951
408 1812
557 51
1462 893
1369 1138
1846 1094
500 108
1927 1660
1151 1195
132 121
1343 871
496 243
446 864
791 1920
1883 978
890 1387
508 1009
786 1902
591 1728
1067 986
499 737
1828 546
1756 499
1388 656
1506 784
1033 732
545 985
941 1346
1856 1861
1345 37
1012 500
1976 1985
1773 124
1515 1936
1894 487
1429 1863
1521 1633
1498 1652
563 1210
565 963
817 1286
1749 1587
1200 704
1619 404
1671 625
1240 102
1769 1315
1691 1961
1599 1981
397 639
1602 217
501 776
448 1555
211 1755
1466 950
624 954
366 1973
468 871
112 1097
1796 812
1831 1997
59 911
321 1795
1187 706
198 1187
835 989
502 1023
52 435
176 263
1397 237
829 1286
441 842
504 1849
1073 1544
833 124
461 1060
1244 68
138 1093
834 533
667 881
1246 970
942 366
1509 191
710 810
1641 138
1254 1152
1451 204
498 878
889 834
1108 518
605 287
373 1705
1785 1013
1107 1396
1163 1752
22 763
1020 890
583 1972
1818 531
274 1397
1843 359
130 1235
637 1656
183 1737
90 1413
733 1672
327 1349
255 1020
1978 545
423 604
1352 916
1010 817
1251 1345
98 362
291 479
1845 1849
1837 1717
635 870
1715 1671
1327 1987
1296 1084
1754 147
929 1145
300 72
170 1639
1460 1857
1923 1101
1758 252
288 1495
904 1206
1628 1985
883 1200
785 1708
284 656
149 287
1574 1687
1907 203
1844 1122
934 619
115 635
497 1828
1368 1555
1135 237
680 41
727 1296
35 530
1385 941
1124 1497
1233 46
805 752
1598 45
728 1863
1917 1360
1884 1893
1733 1622
233 221
1007 1836
10 1985
1767 975
1105 372
151 807
139 84
1273 902
1559 832
1532 1415
1782 215
1941 1641
23 355
1082 443
427 1221
1241 1497
755 1572
897 256
1870 1020
515 1287
1679 141
1776 544
1709 199
1764 691
584 574
1854 614
1566 521
724 1923
1173 1411
1589 755
610 367
1686 1524
721 440
319 219
661 1524
1886 852
254 147
1584 75
1081 663
377 1478
39 882
1148 1519
1684 1324
1735 222
1588 121
1104 1425
1052 318
1661 328
800 1641
1214 1775
117 1404
1471 875
1910 1422
270 676
1527 1861
1675 1459
1583 1693
1653 867
996 1465
738 1578
526 294
1934 1942
1930 1475
285 264
491 842
1648 221
467 1087
1313 1981
998 969
299 1245
1838 852
1814 689
42 56
148 408
712 613
1323 130
822 1515
1550 842
1264 1597
1876 983
962 163
1757 593
629 366
1816 1213
201 871
389 1013
876 933
1103 721
1185 1054
711 4
1208 1032
1167 269
120 1765
884 562
1142 1937
917 636
1091 877
1048 242
1272 991
66 1338
517 1201
592 819
967 10
1371 71
1414 1661
1771 1277
1480 1779
405 1546
272 203
1022 317
1161 1850
173 401
957 168
1581 854
1444 1671
76 1432
1624 1261
248 954
344 777
1265 1394
520 1262
1512 711
1330 1378
1076 1771
811 1126
1410 614
1062 1393
434 1445
182 1283
484 1662
133 1640
1741 366
1036 1580
1211 963
1488 998
400 1723
1960 937
1998 1189
1880 35
1892 1137
1302 244
1260 947
999 1076
840 1079
1408 331
973 1660
1938 421
146 1364
1615 1535
628 288
406 1296
1071 1864
1989 474
1428 1332
503 499
1337 110
1381 154
601 1301
166 1226
83 671
1718 1922
1292 1716
113 1784
642 154
1897 298
488 479
655 82
1239 391
690 448
195 811
1314 468
1731 1446
1909 1087
1889 1585
311 1265
1144 1630
220 682
1867 398
1627 138
764 1474
879 1030
275 1797
945 1324
1242 1245
1005 704
1157 651
225 581
301 341
1207 454
1951 520
412 91
814 917
247 546
1431 9
1701 546
1719 878
1591 1158
1753 1492
67 1546
516 908
905 528
224 1537
618 1246
1072 339
790 1222
240 1931
1168 1
99 337
235 845
1979 1046
1815 1749
566 421
94 897
1793 1660
471 1435
751 1365
1704 1488
1258 1614
144 635
1109 1613
330 171
493 106
1518 1453
1136 714
428 112
1372 1099
1449 192
553 890
16 6
603 928
568 1355
1670 1214
894 1145
1392 1108
1234 1514
1924 100
590 583
1199 993
1811 649
1825 1978
251 1857
376 1909
1727 270
597 1767
481 1499
729 828
1156 1647
608 807
1730 229
19 200
1520 1775
1881 419
388 1961
1461 1759
572 794
92 236
1278 250
1192 1861
1688 1412
1570 852
1607 251
152 1784
932 1297
907 960
1517 1581
348 977
529 661
638 615
620 173
246 632
1929 317
88 1262
1650 1199
86 242
1925 1693
1290 66
437 225
1543 1519
469 1135
1720 1558
477 351
512 1737
185 454
1086 1497
432 763
1780 913
1891 168
753 1778
1155 95
232 571
1790 1885
981 1393
1803 538
1487 1007
1575 813
1738 1703
1458 349
310 168
576 189
1663 1478
1770 1667
1866 889
209 1460
1505 735
799 1487
1442 794
543 346
1439 1617
1031 1572
358 1131
85 380
455 204
1483 1736
872 842
442 831
463 1043
1654 171
1024 488
701 1261
888 1774
938 1427
167 1221
744 600
1125 1960
379 242
588 880
1783 346
1363 1349
774 44
1819 566
309 293
1484 1243
1788 943
1565 1663
1379 1870
1890 893
290 203
555 423
96 1829
1001 1570
1612 654
492 1071
740 229
360 1366
414 617
715 445
678 1376
1027 1948
860 1942
1182 1186
926 1072
758 1837
919 555
3 1814
1198 1034
1196 1234
1452 1132
1326 955
334 1473
923 1871
783 290
830 1599
1964 100
27 1941
773 1007
1504 671
925 1237
1834 896
1077 1364
320 1471
506 224
513 451
303 287
164 716
1511 992
142 427
1965 733
53 263
1991 50
43 645
1984 806
365 253
188 923
1744 289
586 1574
827 182
1423 493
1649 1022
736 989
495 260
1865 170
1333 604
1114 583
1280 1052
532 44
1320 751
826 83
156 335
745 654
226 164
1552 1464
1266 283
296 1274
371 68
974 1396
703 1028
1601 1287
1747 1955
1074 1637
447 1831
214 1453
1177 578
218 1433
1325 597
1739 1384
1050 85
1833 80
964 37
1300 1205
79 786
861 791
949 1594
939 59
1247 1941
1402 954
1657 1299
364 479
668 1309
1629 46
757 1413
1070 1026
278 197
982 1838
1154 1775
12 1836
78 1342
994 1344
987 1352
719 550
863 764
1750 1280
959 1144
1935 52
1416 1950
1002 179
1895 711
1188 1498
1968 410
692 696
694 1913
2000 1570
569 1876
107 523
1539 1272
746 1991
511 1167
510 331
1102 238
1726 265
30 481
1729 1386
207 692
1745 1512
223 1387
1407 1353
1694 1792
1175 1856
886 994
1400 1820
1482 1497
126 219
1501 831
169 1402
1457 1179
1665 35
1440 292
525 1290
1270 250
640 1659
1362 664
1194 432
1420 1919
304 694
458 224
857 851
1162 1332
277 890
127 564
1232 676
1896 518
1807 1981
486 110
1424 1116
450 1799
995 1512
1791 1829
1634 593
258 785
323 1976
1945 1871
1611 427
984 32
850 870
567 1705
1112 325
771 1139
1609 1654
1061 1614
1041 523
633 1436
111 710
456 1210
509 973
356 569
1954 1118
1100 1020
417 106
136 1469
1083 912
436 393
347 1803
1224 1542
935 1306
1772 883
762 338
1804 1376
161 849
1980 370
205 294
1209 1392
1905 549
483 1129
535 486
547 904
797 257
184 1714
924 1651
160 964
28 1718
1042 878
1952 369
585 142
818 611
862 1950
766 906
48 69
1216 672
1848 1586
1250 1393
1291 678
647 742
612 937
1974 300
1794 1163
1350 383
1918 590
1933 1308
416 768
1579 1365
57 702
1080 1709
394 1342
459 875
1975 1128
1944 510
1403 1786
1113 842
174 464
193 1029
1983 354
430 1582
1069 1207
162 385
282 330
1111 1551
1319 1943
1996 1615
1316 522
155 1356
494 831
1075 1530
340 1794
159 583
1809 1398
206 1603
769 1259
927 1196
669 815
602 1460
1169 1949
1329 908
403 1822
259 1833
901 838
1341 1250
1668 850
1044 1571
336 744
13 793
97 1287
606 673
761 1460
1117 1199
1789 161
409 460
261 1706
1486 820
1766 530
1956 569
1358 1975
1035 493
352 1791
816 1817
302 1215
1382 530
375 1176
1282 1217
1953 780
1281 1091
1481 1685
616 794
1967 1146
760 186
750 1743
1443 1165
1181 1813
444 342
1014 1118
559 775
644 1918
1621 1426
856 655
54 472
231 1467
1149 770
1437 1885
1781 1716
1858 1046
1058 1770
1903 44
1887 1957
707 917
1256 451
1623 772
782 642
1872 619
1374 1321
178 1368
279 1080
914 1208
952 1686
1351 379
1959 1557
1485 135
730 1156
1298 1743
1340 632
1700 934
899 1270
754 10
1900 1084
895 467
386 262
1988 394
137 286
36 1160
622 1977
1868 1812
1712 1447
1159 1638
1636 818
748 673
1859 1211
609 553
213 1567
1271 492
1119 178
798 1794
374 1778
821 1679
1724 1579
1522 1805
1359 813
540 216
670 1593
1269 1776
476 1822
534 1282
1986 645
1476 1717
808 1036
1655 410
1390 1839
874 317
402 1933
1438 1701
1409 1813
73 1248
1078 383
1673 1411
930 123
268 511
1556 826
787 1324
103 1705
180 1541
1238 881
1106 17
1230 382
789 1082
1318 1084
1982 859
411 1383
1494 231
961 397
1595 548
1810 200
1008 148
554 213
64 1212
837 981
1470 325
62 588
465 1124
1860 515
1821 1171
425 983
196 1880
431 53
449 1854
21 756
1827 1111
1153 363
909 1315
271 33
1635 1719
1847 1159
181 253
1940 137
119 1674
1236 638
1678 150
308 205
11 225
1095 282
1455 793
1293 1537
1051 487
1502 827
1561 1798
1879 1862
1305 679
470 890
1553 924
1047 1500
1130 1090
1939 759
1632 1804
726 1557
801 1841
177 1130
839 1195
1906 1316
1548 1137
1721 1820
322 1400
1339 1936
114 273
589 404
1191 148
1133 1884
979 1596
49 1507
89 1716
74 1216
1875 413
1361 480
824 279
9
0
3
0
1
9
9
7
2
0
6
7
4
9
1
4
3
7
2
9
6
7
4
0
8
9
1
2
2
9
7
3
5
8
7
7
6
4
7
2
4
9
4
6
1
6
2
0
4
4
6
0
2
6
3
0
5
0
4
3
9
3
6
0
4
1
9
1
5
6
1
0
7
1
3
6
5
9
2
4
3
6
0
0
0
6
3
4
8
9
5
7
9
2
0
2
1
5
4
2
4
3
2
3
5
9
8
8
1
3
9
7
7
3
3
0
1
6
1
0
0
8
3
3
5
3
9
7
5
0
1
4
5
1
7
0
6
5
2
2
7
0
9
4
5
8
4
9
3
4
2
9
6
2
2
4
4
0
4
2
0
0
2
2
1
5
2
6
7
1
0
1
2
6
5
6
2
7
4
5
5
2
2
1
9
3
1
0
7
1
4
9
0
8
3
5
2
5
8
1
4
0
9
5
2
1
1
8
5
4
8
6
8
8
9
0
3
1
6
4
2
7
4
0
8
0
1
9
7
2
1
3
4
6
7
2
4
7
8
4
3
3
7
1
2
0
8
5
1
4
2
6
5
3
8
5
0
6
1
2
5
2
9
5
9
5
5
4
4
5
5
4
8
8
9
3
5
8
2
2
6
3
1
8
4
8
2
0
8
2
3
9
6
5
8
2
6
5
3
0
8
1
2
7
6
3
5
5
0
8
8
3
8
4
0
9
4
9
6
6
7
9
6
2
3
2
7
7
7
5
6
1
5
3
5
3
8
5
1
8
1
9
9
5
5
5
8
3
3
5
3
9
3
1
5
2
5
0
9
7
7
6
4
2
8
0
3
0
0
1
8
4
2
7
4
7
9
2
5
2
0
9
6
1
4
9
4
3
4
5
4
9
0
1
8
4
8
9
6
5
4
8
6
4
4
0
5
8
2
4
4
4
8
0
0
0
3
0
8
5
7
7
5
4
2
4
8
3
6
6
6
9
7
5
5
0
2
7
8
4
9
4
6
1
3
0
4
2
1
8
2
5
7
0
6
1
7
2
9
4
9
5
0
1
5
9
9
4
1
8
7
2
6
5
6
3
8
1
0
5
5
8
2
9
3
6
9
3
1
9
4
3
4
3
2
4
9
2
2
7
7
1
6
1
1
8
8
6
5
0
0
0
0
3
6
7
5
6
3
1
1
8
8
9
0
6
7
9
9
5
3
1
8
6
2
9
2
1
1
4
6
3
4
8
5
4
7
6
2
0
2
2
5
2
9
1
4
3
2
9
2
2
7
4
4
7
2
4
9
8
5
8
2
7
0
2
0
2
2
0
0
0
1
5
4
7
2
8
0
0
0
9
8
1
5
4
5
1
0
1
8
1
2
5
2
7
9
9
1
1
5
7
5
8
6
1
0
5
9
2
5
0
7
6
2
4
5
1
0
9
1
4
8
7
8
8
0
4
7
0
3
4
7
9
1
6
9
5
5
2
3
2
1
8
3
1
9
9
1
6
7
3
9
3
6
5
2
8
1
0
5
0
0
7
6
6
6
7
1
9
9
3
0
5
7
2
8
1
5
3
6
4
8
6
3
5
9
5
9
1
1
1
3
5
1
6
0
0
6
2
8
7
9
0
5
4
4
1
8
8
9
1
8
9
0
7
0
4
9
8
0
6
7
5
6
6
4
7
3
9
2
8
8
9
7
6
8
2
6
4
6
9
0
5
2
6
8
1
2
6
5
1
4
3
1
7
2
3
8
0
6
1
5
9
9
4
6
8
3
5
9
5
8
8
3
4
4
9
4
5
7
6
1
3
4
2
9
2
0
6
7
4
6
4
5
6
1
8
0
9
5
5
8
0
2
3
9
3
7
1
9
1
0
0
9
9
4
5
1
8
0
5
8
9
8
8
6
8
7
0
3
3
2
3
7
3
6
8
4
0
6
3
4
5
9
2
2
1
7
0
4
2
9
9
6
4
8
5
4
3
3
0
8
1
8
1
4
1
8
4
3
3
6
1
6
2
8
0
1
2
6
8
4
2
7
8
6
0
8
6
7
7
1
1
1
9
3
0
1
2
5
8
7
3
1
7
0
3
0
0
9
1
1
8
3
8
0
2
5
5
9
7
1
8
3
0
1
9
1
0
4
4
3
1
7
7
6
9
1
4
6
4
2
4
2
5
2
5
6
2
1
3
5
7
3
4
9
1
6
8
2
1
1
9
3
8
6
4
1
7
3
5
3
9
7
0
6
3
1
7
0
2
2
6
7
5
6
9
3
0
4
1
9
1
3
3
9
7
2
5
3
0
2
2
8
6
2
2
8
2
6
5
5
3
2
7
0
1
3
8
3
0
3
6
4
1
7
3
1
7
7
1
5
4
2
5
6
1
7
3
4
4
6
2
1
4
1
8
3
7
2
8
3
9
4
6
0
9
2
7
3
5
6
7
0
4
0
0
8
0
9
6
8
9
5
3
3
4
5
9
8
2
0
9
3
7
5
3
7
8
5
3
1
3
5
8
5
4
1
5
3
6
6
5
7
7
4
8
5
4
5
7
0
5
8
0
8
1
6
8
4
1
9
7
0
0
6
2
7
0
5
7
4
7
6
0
3
7
9
0
0
3
4
6
7
0
1
0
6
7
5
3
1
4
3
8
9
1
7
3
1
5
5
9
7
1
9
3
2
4
7
9
8
9
9
7
3
5
3
9
6
4
2
0
8
8
8
3
9
6
7
0
4
2
9
9
4
8
9
5
1
7
1
5
1
1
5
0
6
5
8
8
1
8
4
9
5
4
4
7
8
0
3
0
6
1
4
0
2
0
4
1
5
3
7
2
6
7
3
1
7
1
3
6
1
5
0
9
9
5
8
4
6
0
0
4
3
5
4
4
9
8
2
3
9
0
2
8
9
4
4
9
1
8
7
7
1
8
8
1
3
2
5
2
7
0
2
9
5
1
7
9
1
5
2
8
8
6
2
8
8
3
6
8
9
5
7
4
0
7
2
5
4
5
7
2
8
3
9
5
0
5
0
9
3
5
0
7
5
9
8
3
9
7
0
9
7
9
7
2
3
8
9
2
0
6
6
8
3
6
2
1
0
2
6
6
6
6
5
0
1
7
7
0
7
2
6
4
0
3
5
5
2
7
7
9
2
8
7
0
3
2
3
7
8
2
8
4
6
2
8
4
2
7
5
3
6
7
1
0
8
6
5
9
2
2
8
7
2
6
5
7
8
9
3
5
0
8
5
7
3
1
2
6
2
5
6
0
4
8
0
7
3
2
2
3
2
1
4
4
8
9
0
2
4
8
6
0
7
4
8
1
7
0
7
1
1
6
3
0
1
9
2
4
8
1
2
5
6
3
6
7
5
2
2
7
3
3
9
2
0
7
8
2
8
5
8
0
2
5
0
5
8
4
7
7
0
5
2
5
8
8
5
0
5
8
1
4
9
6
0
2
8
0
6
0
7
6
6
3
9
2
9
3
7
3
8
8
5
6
2
5
1
5
9
3
4
4
8
1
4
9
7
6
2
3
0
2
8
5
0
9
0
3
1
3
2
5
2
0
5
3
3
9
4
1
6
7
7
3
3
8
2
2
9
3
2
7
4
0
5
9
1
6
1
0
0
1
5
6
7
9
8
6
8
0
8
9
3
7
7
5
3
1
7
4
6
3
7
2
2
6
8
3
5
2
0
1
7
8
9
1
7
5
4
3
9
3
9
1
5
9
8
3
1
4
8
9
7
0
0
6
5
7
0
1
6
3
9
0
5
0
2
7
6
1
9
6
5
7
1
6
8
6
9
5
7
3
3
0
9
0
6
4
3
7
0
2
5
3
3
5
9
9
9
0
6
9
3
9
8
3
7
0
3
1
9
8
5
5
5
5
9
9
1
3
8
8
8
3
0
4
3
2
5
5
0
8
7
5
9
1
3
9
5
0
4
3
3
4
9
0
5
7
9
5
6
1
1
1
3
9
0
6
0
7
9
9
0
8
9
7
8
0
8
2
0
6
6
1
9
1
0
9
9
3
9
5
5
6
8
4
6
8
4
4
0
1
1
1
6
2
1
3
8
0
9
2
2
3
1
6
2
6
5
1
8
8
8
8
5
8
8
5
4
3
7
8
8
7
5
8
3
3
3
4
7
6
2
7
2
5
6
7
2
3
9
7
0
5
3
0
8
1
8
0
9
2
9
9
0
9
6
1
5
2
4
3
6
8
6
4
4
4
2
9
9
4
1
0
1
0
7
3
1
0
1
4
5
5
8
5
0
0
4
4
1
0
4
4
2
8
8
1
2
5
8
9
1
6
2
1
0
5
1
6
5
8
6
0
6
7
4
9
5
9
2
1
3
2
3
2
2
8
8
3
9
1
1
9
9
3
8
6
0
5
4
4
6
7
7
1
9
7
2
7
4
2
6
4
9
5
9
0
6
0
2
3
3
5
7
0
1
2
7
2
3
5
2
0
4
7
2
9
8
3
8
7
6
5
9
8
9
7
7
8
1
4
7
0
4
0
1
4
2
0
7
3
1
6
108 1564
1728 1209
1574 153
98 1066
1361 489
1620 1135
987 892
786 1127
10 229
1637 1475
946 1691
546 1986
1147 1035
1731 1994
1937 1784
1436 1625
1529 1353
1783 56
444 190
275 616
1411 218
1854 789
1333 578
1847 635
1774 1780
1112 554
482 621
1743 903
789 1093
1773 1971
684 1930
1811 1254
1177 1410
1453 1002
250 143
1329 475
848 604
40 211
1445 386
1090 488
879 883
1561 1285
535 1382
580 1071
1162 754
319 464
177 786
1190 1261
211 585
1722 1650
806 792
1557 1392
1886 1209
1371 1867
407 1594
160 399
1017 944
420 1561
241 287
1442 82
1255 72
920 415
507 1354
1274 865
862 435
302 1218
499 903
821 591
977 1043
856 798
1396 871
1947 1022
73 273
535 1688
736 233
303 1642
1978 1873
1488 392
1404 613
1018 184
1384 698
599 1141
1591 29
838 340
1775 1766
1432 1895
1509 1695
1092 942
1167 859
373 254
37 2
267 259
996 885
1385 17
246 1765
1065 655
1590 998
718 1248
720 1553
1258 1156
782 1105
629 997
139 404
670 1771
1559 445
863 1240
910 503
1059 342
710 1838
481 208
598 669
1072 412
1538 698
1953 172
1765 1150
463 1491
475 96
144 1900
1821 1421
1806 1346
123 497
876 156
1081 1111
641 1134
1002 1597
1264 1488
111 338
1448 836
1407 301
361 1628
1808 698
910 1802
1022 192
700 224
923 868
1019 1740
301 342
487 1962
1164 102
844 1823
280 1705
1392 1381
1175 1445
620 1032
218 1926
143 363
1318 1345
1969 820
25 390
1521 1400
87 209
352 1526
1044 729
1512 436
38 1321
1684 1658
1871 1505
576 866
135 719
1760 1648
1727 1801
651 78
1816 1427
925 1814
693 1012
690 1426
1605 1554
584 1423
1844 1921
866 48
1127 604
1889 1418
827 1483
938 748
765 1894
1912 1660
1189 1000
141 532
1406 665
1762 860
287 1071
1065 1928
464 446
1276 1795
816 1078
1148 747
1639 1718
1910 1618
1477 1883
557 955
1155 854
967 399
1831 829
1022 715
245 45
1736 1539
1541 1263
406 1207
1892 1542
692 44
1744 749
1246 742
1376 1296
1112 1905
793 1673
1713 650
1843 566
513 468
1569 1588
450 1716
1156 939
1271 1205
1748 625
137 101
753 853
805 324
528 1934
1025 1636
147 872
1440 1262
1544 1255
330 1798
258 1134
823 1919
236 1606
1291 1633
635 430
1955 1084
482 398
255 1400
418 279
157 946
607 254
497 705
531 1633
1113 27
1317 190
614 379
1430 1079
1383 1800
319 77
1255 1094
1419 714
195 264
118 1604
1088 1645
748 982
1592 34
1555 877
537 212
1165 843
1302 991
656 242
480 239
1561 1128
512 84
1306 867
684 911
126 577
1662 1495
1161 282
1317 308
1782 51
334 1081
1652 1015
714 177
1482 1280
895 157
1737 1765
1758 869
677 612
462 1534
705 1444
706 1443
1441 750
1596 213
997 1684
1073 1847
1019 1459
728 312
774 1493
468 78
70 431
711 998
745 713
359 29
969 106
1915 743
1282 1268
1030 500
1197 570
1504 233
1422 655
180 302
598 1894
1671 489
1574 567
1319 572
421 697
1624 360
250 561
1419 555
1040 486
792 1876
1636 719
1696 1787
1306 1647
1204 1500
1948 1825
1606 1622
310 186
869 797
900 820
1782 1515
1503 1557
267 1781
1374 221
175 1621
1633 792
948 396
320 945
210 116
51 867
1613 1259
466 1912
296 814
309 1385
1835 725
959 1844
1092 198
1952 936
274 1246
1338 1804
604 1492
1545 656
1987 1606
1068 1611
180 735
1362 69
1609 718
1768 747
697 1463
192 739
33 130
295 28
1357 1130
1320 613
245 251
233 565
766 1550
1521 1055
1620 21
1647 1381
86 655
425 1814
1902 703
1616 524
1099 589
1887 1232
1619 553
35 1010
1389 1868
1459 486
649 1970
1249 1208
1876 521
446 1960
108 723
246 731
1674 729
796 35
959 1977
867 758
487 1312
1942 1207
499 1946
224 85
832 1056
827 376
470 295
311 775
1763 281
1627 1566
199 1746
1264 1158
1953 447
594 218
1657 226
202 490
1114 1246
941 963
1036 172
1537 234
1363 1242
176 570
433 1337
661 1292
932 1272
784 1886
718 465
914 1049
79 488
1974 1424
583 396
1707 1679
265 1827
510 1090
955 1044
1648 563
1479 1780
300 1948
486 1188
1051 1914
1659 923
1576 379
1810 608
33 1131
1006 785
615 138
515 1893
112 724
1530 623
312 1280
209 18
944 115
1562 1603
1476 1583
644 986
862 1770
1315 343
897 1033
1020 1920
1479 253
1064 1418
1293 1267
1544 731
207 403
926 1909
120 1568
484 1842
1495 867
1779 610
1541 1150
1522 112
1586 1992
1408 74
191 1408
163 128
145 423
1880 1183
398 1155
1711 865
877 1858
1749 836
1144 666
205 1114
591 1895
233 1152
519 1961
1240 1423
290 301
226 1117
667 341
1256 418
1069 380
1686 1754
259 1037
781 1296
339 284
1135 45
334 792
1737 998
580 1905
83 759
1041 367
1116 1790
1389 1658
1669 658
1789 530
1361 1260
267 767
1455 999
990 273
1961 1073
1839 232
790 576
1218 1639
758 259
526 82
1509 1201
84 324
1167 1192
1940 131
669 1425
1968 1268
1132 1582
999 589
1620 536
700 1745
817 17
1335 1576
1166 176
1093 770
488 1792
1907 1159
774 132
1274 726
1778 917
22 267
1368 844
476 1650
1519 1192
1197 1765
1566 11
330 508
1157 270
1959 546
238 1114
1605 73
1813 1960
1979 1523
1663 1242
1839 929
230 647
1037 1321
727 13
263 163
1078 1272
1236 755
1370 672
561 1827
1397 1424
1768 658
193 935
1131 496
1441 1379
1174 1305
1566 385
1399 157
1590 1998
5 1108
691 1782
953 1125
1553 1295
634 1032
1670 1345
130 1603
808 1875
671 1418
401 1315
1980 1352
1286 500
1566 638
715 26
1103 788
1110 193
1427 881
480 1866
1285 924
1483 1909
697 906
1938 1679
1035 1303
1835 1176
475 1987
65 1681
1663 1384
1020 1269
1407 1416
1524 1609
620 682
1325 445
1491 1262
1343 1741
1941 1745
1086 102
386 1432
380 1530
841 1933
1913 1456
804 1254
2000 1774
1894 27
1825 363
1313 742
581 1716
815 654
513 396
1249 529
1980 599
1021 521
644 329
1728 1948
1156 1333
185 432
1813 1210
1464 890
615 1623
788 242
221 1654
689 1316
1851 493
1452 276
1522 2000
606 147
1837 1351
88 1728
399 43
1618 437
1086 69
1767 27
172 1130
1030 1029
257 334
1043 799
67 1700
1560 1792
1077 897
1866 1834
456 1080
431 418
158 168
908 1311
136 1473
586 201
548 11
559 350
1588 981
1988 931
1348 1669
1754 1091
539 1571
889 613
146 696
863 383
158 310
670 459
328 906
226 188
1898 1474
1712 371
1159 1888
1561 1609
495 628
1011 530
1328 747
957 314
1708 1631
181 1354
1554 1540
1072 873
1222 828
290 1783
593 1679
537 107
33 1814
1394 1850
809 1898
1198 1431
799 860
1762 1207
605 1584
1915 1916
1458 330
1397 1321
1356 477
1820 776
1101 508
289 1944
297 1531
342 637
1128 1414
735 1655
1375 839
1497 1054
1512 974
1198 850
562 663
479 813
1974 165
724 1928
1629 1107
1347 294
798 908
1065 331
501 415
1131 70
1958 102
578 100
942 1503
386 322
740 86
825 1748
521 1934
1236 1771
294 769
1325 1613
212 766
589 702
283 1847
1035 819
1308 1376
1927 526
85 851
1758 236
1612 1932
61 810
1684 1432
810 127
100 1803
332 1090
1219 1408
1832 936
1959 654
517 20
1564 659
1708 1026
1295 1729
246 1206
1909 1395
1896 96
189 1003
856 1378
99 1193
742 1481
210 1698
1964 1534
755 264
931 1970
1398 1064
526 1374
1345 1871
336 1484
1343 272
1397 1831
226 1308
162 486
412 70
1083 274
190 92
1099 1124
430 1390
519 287
473 1564
1297 71
1647 1863
252 1280
1182 826
1566 213
1418 1407
1618 1284
1845 1307
1595 158
47 1065
1373 821
552 473
629 1641
986 1691
623 1543
314 834
270 788
624 1523
62 740
85 1997
1881 1077
395 727
126 1902
1600 223
317 1875
974 438
1168 701
1580 1046
961 59
620 1804
1936 336
1616 1730
235 303
1201 576
186 990
704 363
332 1174
1475 1197
1792 1596
531 1860
1868 1885
1301 572
1702 1823
1876 437
544 1492
884 1302
1876 10
994 1728
1429 476
1471 237
180 90
520 858
31 1855
1099 915
210 1951
1121 1506
1819 1008
1479 1334
449 1095
233 689
1517 1015
23 803
1973 699
1446 284
909 1102
305 1554
419 873
936 1804
1349 726
921 1679
428 1507
1946 1832
1621 405
417 1209
709 1993
1685 1343
1142 1340
726 1244
905 1474
100 714
999 604
1385 1934
1237 604
701 1180
1348 1501
1392 1979
183 1197
932 1452
605 254
1918 457
1404 844
725 424
368 345
1679 1749
1280 1156
312 248
73 1039
1219 271
247 854
640 1707
948 1847
1251 314
1575 750
149 923
1837 1616
181 646
1631 428
763 850
1885 768
1257 1791
1409 1786
848 372
241 1251
778 1613
939 1488
583 1632
367 1567
294 784
1938 1784
112 206
390 76
504 1315
1787 116
1784 415
1644 274
1570 145
1623 720
420 769
1070 874
1146 267
1898 1199
302 903
671 724
487 827
1403 1582
1899 635
48 1833
1843 1295
1238 1778
1295 1681
1549 1384
112 143
1508 115
1576 1152
1011 1289
320 439
1911 1863
1328 853
1445 613
1999 596
1724 1799
101 1525
1688 14
636 669
1803 1935
675 545
1181 690
1149 841
206 1126
1930 1108
308 859
1599 1746
1888 1864
1315 1174
539 214
283 1036
1938 403
878 1109
1255 1106
1840 1383
1249 689
486 1945
1069 1907
749 1908
1464 1246
1204 1522
833 1136
975 817
1226 56
1326 395
261 1062
1672 1051
758 413
1451 1117
251 946
1793 43
56 102
1788 638
1046 650
346 609
1121 1180
1068 550
139 463
1196 1882
573 182
1637 1229
1326 1420
1380 648
1217 1653
568 1083
1594 1716
798 560
1867 919
1464 1073
1168 1424
1959 770
1222 1723
1066 1000
96 532
206 520
1572 284
916 1099
886 1584
1286 161
1086 1283
1399 1162
871 48
1571 1549
844 1629
1281 1303
183 1701
257 1436
1716 772
1529 79
657 1461
1546 34
376 1282
1813 182
31 1619
1412 963
6 1382
45 1438
1166 284
1456 1066
400 514
633 706
1284 1243
896 1796
1829 1902
927 1192
1338 473
777 624
1089 260
1974 277
68 1333
402 5
150 1686
796 265
1670 1079
1322 1888
645 951
1835 988
655 499
1111 982
1015 87
290 1632
869 1989
1967 821
1277 550
1021 1676
1652 1403
166 1473
1752 712
1880 915
92 13
216 933
134 1496
1062 1880
1788 980
1886 1686
773 32
1833 1658
263 1739
644 1212
326 715
359 424
480 117
926 1419
160 438
1888 1208
1458 791
1093 1087
22 1568
1552 115
1990 425
1353 419
11 1013
106 1762
1117 1246
783 163
1251 280
713 1663
1193 677
1433 684
707 747
1051 1320
1199 332
1524 77
1010 171
141 368
128 1726
1987 587
1309 821
1392 1682
1957 1785
283 1576
1883 379
1609 1801
1838 1628
1095 1415
771 377
1901 1779
812 560
652 1089
1785 232
2 1685
1332 714
1735 420
314 1637
1716 1411
923 897
612 1217
795 960
287 518
1824 692
253 229
76 1154
1531 1301
1188 527
1872 478
454 446
1752 1780
1102 1962
1480 1281
420 141
1033 807
1870 1794
1533 128
1996 1406
1791 1606
1574 946
1112 1376
1913 1238
1172 1365
1720 8
765 565
1101 1161
1247 552
834 1053
1846 948
1648 1718
153 1165
40 985
1420 1006
1231 663
122 452
1273 1960
954 752
1885 121
1201 69
1622 656
1647 224
536 1437
1183 1473
1530 730
1428 408
525 1305
1783 1855
289 477
1279 1370
798 1219
1765 260
1849 694
286 1626
1140 1734
164 729
509 225
88 1098
606 1618
1686 1163
788 687
1422 962
476 675
619 302
955 1725
1000 1698
156 1866
689 612
849 424
1676 395
1274 1512
176 1532
393 1884
257 111
1647 297
892 1686
1770 200
112 175
1806 1082
1148 1158
1464 655
1308 1863
329 1329
902 20
993 1458
1825 1889
591 933
903 1568
1568 672
1232 571
473 1412
222 1100
1948 1240
185 153
257 933
727 803
1103 38
1461 1196
1691 1290
1890 1876
698 444
1180 37
960 953
30 1665
861 76
197 639
1219 1781
129 1803
1472 1731
875 1249
232 1433
295 1760
244 492
1108 393
1415 1938
119 879
1990 1295
272 778
379 525
922 1052
960 1287
1839 466
999 871
1298 1219
1351 866
81 339
413 1694
964 1512
1020 1545
378 350
357 1622
150 282
1330 281
1767 1495
1795 1331
1342 790
1711 88
991 1194
362 1222
1931 1916
1419 1873
1303 4
1911 919
1696 708
646 190
287 604
818 1248
1308 268
656 945
1689 698
406 1834
1458 1126
911 981
1812 1169
74 1138
250 244
67 102
1198 1821
1210 1
584 1999
1899 1927
1328 1093
1210 900
98 1015
308 819
1910 1246
1494 1442
1352 1190
1954 588
147 355
1339 415
1173 1239
747 599
1002 703
30 584
656 687
1238 1464
1073 1337
472 1358
1971 1481
1489 1336
1124 1960
195 1857
1008 715
1469 760
1138 935
1445 1575
1288 1898
1701 419
1912 1817
504 171
579 1799
592 483
595 317
1008 169
640 983
201 1990
237 958
698 980
1827 944
1785 839
211 999
1572 1551
1421 279
1919 107
1086 664
1112 242
782 1515
925 1011
1039 1022
332 879
847 388
436 899
941 745
162 1710
1573 1067
1476 1202
525 1292
1966 173
882 1737
1452 1234
15 969
234 178
1600 649
760 56
817 1319
240 1522
582 1387
1931 1434
1223 1348
700 469
1059 1728
180 1765
293 996
160 1753
1531 1956
1849 1056
1581 1800
1756 713
710 1783
1366 1090
1421 273
181 610
1162 293
1514 1747
915 1310
957 1065
104 1639
1902 1183
671 1716
1613 1585
1695 1961
108 1467
1259 59
508 6
1921 732
1 1003
1421 448
1729 1180
1005 1441
1301 1207
923 988
1237 1361
548 616
349 1353
1414 1699
15 1847
1392 1779
320 474
250 991
1471 704
1190 162
86 694
1016 642
212 148
1100 55
1154 555
237 1414
44 1716
1297 746
1108 1187
1236 314
14 1752
417 880
1012 139
1537 1603
103 957
1839 229
824 501
1672 1166
1116 1264
403 1115
769 615
1033 2000
234 357
1246 1029
1987 1347
509 1865
632 1868
24 1210
1177 1430
156 64
23 26
1976 1385
1394 1145
1982 742
998 1280
703 1986
470 1746
166 1074
265 1864
1064 699
99 1931
1920 1683
1693 305
1142 1903
1920 663
1128 394
1175 1470
1050 230
1769 797
1459 395
525 677
1541 292
571 704
1472 129
165 1930
1368 1755
176 1647
1933 707
877 399
972 834
1554 59
431 417
696 715
1408 36
1363 1202
797 1973
529 1189
1218 1472
208 620
1149 889
946 75
1573 1515
140 116
1907 1671
351 1204
116 1410
1078 537
1077 203
233 1942
51 314
360 234
1182 234
58 701
1670 79
288 538
795 1546
1245 1612
811 500
536 660
1397 76
508 923
885 675
981 1751
926 1038
1013 95
131 1251
1259 572
859 1678
1269 724
867 1103
1686 424
102 187
1155 1921
730 879
884 459
872 145
1201 826
1134 1629
1524 1008
1788 352
23 104
156 1120
901 965
352 276
1396 369
333 1612
12 1167
1589 1533
23 309
1336 1079
1176 155
1124 658
663 809
439 1401
382 1993
333 801
76 269
1600 651
48 1426
679 1459
1124 452
1253 699
824 1066
1190 422
1908 1515
210 376
1639 665
1755 513
490 45
26 823
110 1853
1486 1070
1133 864
1950 210
1166 740
884 1343
1194 1155
1567 324
272 1287
672 749
1759 1308
936 98
1636 1730
576 521
1122 1508
835 227
1517 1751
267 1734
1855 513
1310 380
510 1831
1909 1616
408 1345
963 520
640 267
1128 1940
1371 807
341 1000
339 1794
456 748
177 1827
829 1798
1403 1790
1659 1059
398 92
1244 295
265 1537
1222 1389
439 1437
934 844
52 1425
426 97
221 1799
879 1016
375 1755
1562 230
1814 1756
1790 1866
510 1211
656 680
159 364
1967 749
184 861
523 1908
588 1247
231 719
1336 463
1726 1377
1193 817
486 607
923 1754
1418 1373
1019 151
1021 410
1220 595
851 1663
939 1857
830 1752
866 1540
1883 1976
964 279
701 210
806 246
1102 772
640 658
429 540
1983 794
1684 1516
1735 615
878 1277
1605 1199
769 1718
1898 609
1608 562
1514 144
621 959
1800 1505
629 1791
60 246
770 1471
1452 1622
1044 1590
919 21
1401 394
1712 169
806 1250
1441 1344
597 1351
1912 1111
1370 1519
86 1573
1569 1888
1669 493
1534 1382
1717 1741
1290 1267
637 275
695 94
1168 311
755 1372
1715 1838
1800 842
1589 1220
1620 1226
160 566
401 676
649 860
1591 1588
291 1771
1902 553
781 107
1646 856
221 1800
471 605
1229 1583
590 973
1901 711
534 126
943 1096
1615 1286
1529 413
1968 790
910 1846
1868 1897
1164 1147
341 26
1849 1239
834 1224
723 784
1030 1611
1617 1437
1768 1583
522 1645
1931 372
1089 1932
1158 1477
1628 1850
1641 521
1884 1645
246 512
1415 1476
490 774
731 1640
1067 1885
1838 1566
88 1306
221 1440
684 884
713 832
1290 850
127 1078
454 1234
69 135
277 1533
1994 534
1074 1415
1825 106
1013 1312
546 1612
1398 695
765 690
796 1679
1853 1244
518 1790
1295 1578
1933 210
1414 1219
43 1348
410 672
567 460
247 1240
1230 468
364 1915
1578 1582
938 473
1372 46
1007 75
1926 1021
439 197
1369 1239
1329 188
875 285
180 1498
1081 1687
1156 373
1649 1577
907 801
1316 442
92 1885
1141 1552
1506 810
296 560
475 657
849 1347
1160 1577
1137 1712
1910 690
1938 1153
357 703
1345 616
1818 1605
1734 31
909 880
22 891
5 1781
448 1956
1498 917
1631 1253
1324 1857
470 1905
1889 1373
927 1746
906 1616
1983 1211
1476 391
1270 981
1002 1030
528 647
434 906
1508 1000
1618 1866
1092 1504
1706 1679
338 1346
1706 1899
1652 1006
149 238
1878 1326
276 201
1948 1652
550 248
1 3
1944 379
1122 107
1463 797
1641 821
968 1754
681 1980
1656 1812
1912 995
1763 1801
141 1895
67 951
1572 286
1561 60
486 658
1323 1355
1522 1245
1563 1066
646 1710
386 1474
1977 1214
1285 1828
701 800
1402 17
1778 200
179 455
79 865
1168 948
1728 1772
666 1647
33 370
1639 121
663 1579
92 1735
689 1955
479 1570
1702 719
830 1336
1210 310
798 1154
234 1351
783 1406
1768 154
1718 1982
163 1761
621 1165
907 1474
380 1370
990 1027
1206 1226
1973 1047
1287 1303
569 64
243 1866
1795 730
235 1137
1678 1126
1046 1068
394 1899
1140 1199
973 191
1400 550
1389 860
1094 1301
1849 1484
94 397
1376 290
950 782
1877 569
1615 1426
1298 63
1829 1081
1178 1489
1761 1375
1728 1365
1079 1524
850 835
1444 1351
713 925
952 515
192 1189
1229 413
1197 1776
1258 1555
1010 1941
1827 1428
561 645
753 643
208 40
1304 1951
537 335
1757 681
150 100
1618 1384
888 55
529 1390
1727 1452
1906 1795
123 1223
510 1060
122 1929
450 655
516 1270
1206 279
1567 981
1230 1952
1668 1622
192 1023
150 661
419 649
359 99
729 1144
188 597
1608 1662
280 1937
248 371
827 1748
1051 1901
707 1340
416 176
334 1437
1745 670
331 1980
1872 1452
1888 599
1069 486
1918 342
1300 302
586 115
525 705
865 1642
893 1463
1530 458
1928 1441
665 669
172 1554
655 1149
852 505
571 79
1457 1482
928 206
1552 325
1408 841
1597 164
791 423
139 1215
1949 597
225 1008
1332 1939
1052 322
1042 1534
819 707
687 531
243 82
1433 1574
17 1867
1938 508
1759 1473
1874 1053
1189 318
913 187
399 227
896 500
1826 13
502 1197
274 1727
1414 1205
1710 820
1431 1606
1913 115
1682 59
1106 1125
714 1551
444 953
956 904
1016 1301
238 558
1989 1815
964 1666
1361 460
1965 1941
1793 1793
619 1946
229 1557
1448 499
1207 1552
777 66
971 1457
199 1280
158 1613
1545 423
173 1244
1128 320
1372 1036
1626 120
571 1445
1772 299
1633 1197
1301 1634
447 184
202 118
844 1269
450 461
1164 1715
1993 1522
1320 103
1619 1700
1287 1434
857 882
305 1254
1894 1819
1612 273
1810 1567
117 1493
337 756
808 1899
1959 1338
758 612
1326 1910
406 1928
681 1584
1697 1806
66 643
1717 1774
1988 1850
58 990
1078 665
854 1953
264 498
1195 769
790 1496
1904 334
284 1421
598 126
651 1383
1324 1915
1136 1792
671 662
1073 480
646 87
621 1135
886 357
993 1598
1117 913
1996 18
1321 1010
2 1847
1374 1465
895 1181
1574 782
576 1428
35 304
1435 259
1258 1745
574 796
1459 1111
1946 894
330 956
1829 231
334 1686
1331 1011
78 1484
438 36
534 1027
164 1923
223 1532
33 827
116 1035
10 1346
588 1872
276 775
345 1449
683 497
103 368
261 151
899 33
1217 258
1417 755
1378 281
1775 1200
291 1325
314 927
1547 1912
