911946
658749
941314
251735
719871
241911
734055
143108
569168
899637
173402
264918
271418
632775
991506
402910
517268
914587
379978
462220
622382
658742
329239
43729
56506
192359
410979
57536
866374
142798
124989
947854
413121
183893
602943
488815
292373
183960
602947
199025
301900
603305
260397
649166
222676
696223
209435
517997
440938
263445
722834
514338
317668
269566
283509
371502
435220
152550
303478
803272
199025
522102
222264
173402
156749
308886
39720
173529
62131
283440
222343
744093
630177
143108
224888
208663
251455
340295
622274
42102
734057
95919
492553
172419
991024
410385
432602
520062
947857
977298
371456
402790
193213
269661
327750
271410
152690
630148
222230
221594
89
872684
338157
221050
761345
565959
183689
251990
29410
514620
435223
734050
293023
29302
418458
403352
418382
271987
873893
208676
826380
788101
633378
649130
44060
714624
344549
222131
565959
587400
244779
301758
226033
159414
33572
590507
308886
504353
202405
866316
397205
340293
421046
248881
172639
726806
567826
141099
29306
208676
327750
172448
402798
634480
678268
638368
419653
283186
418433
222535
263447
338157
862464
245873
279928
947461
563857
649139
340126
96278
228037
866360
156747
734027
94783
352216
894532
834350
572152
60148
435072
222857
649177
991024
894532
209474
514629
435072
29173
363566
340512
714109
830882
972053
410979
402798
271431
276597
363562
222488
152550
820026
520090
222563
208691
268948
222109
224647
926396
602947
260330
419961
36749
226398
735222
198331
173023
256509
820065
565959
418431
941314
156743
722223
301904
649183
208673
314596
363565
342995
418396
78910
88283
179513
734027
587405
507208
971541
156390
152552
172274
537244
222260
437154
658749
156385
263292
476542
205073
447884
357876
419119
719902
94438
152041
830307
222530
57536
587053
224477
410979
57286
152872
456974
842534
226030
363565
567145
565060
156301
264918
638421
156385
425394
520948
478815
259202
746259
352227
715066
962242
403357
622253
403841
119326
696221
340575
917668
962233
363569
142685
225644
263448
209430
627305
425394
173405
26645
815697
947884
222603
638361
478565
225638
173403
866316
340279
397253
224048
537143
42102
658705
38421
649164
522102
722463
899632
172446
572713
226118
187058
208694
715200
241406
27982
722226
630199
978388
947835
262022
260337
224048
29461
734029
183962
29461
43338
162225
410973
827460
282744
226291
62062
413153
31434
340120
263277
172464
94438
303598
340278
520063
857291
226491
474635
830882
173530
911946
735221
283034
947885
141838
714128
735222
376208
256585
634122
763870
916834
715294
726891
437145
57536
60843
262022
379928
359206
228305
204989
836529
29307
462930
314517
263836
60844
282746
735243
749582
222343
344569
520944
308886
226292
515
421047
204215
525231
141843
152874
352218
42102
724198
352227
172448
222293
145148
362730
199107
271560
520425
72226
405152
329542
333811
565995
224074
86636
622127
251413
830348
526222
402941
33061
371410
803272
226291
262229
899632
173589
221866
202409
291735
765975
248880
222772
222564
956720
822733
42102
289955
763825
49329
293633
226383
990272
714624
199102
624808
271434
734050
86948
173590
222685
146248
382228
28157
244779
490265
894532
402934
57213
222230
638368
150292
173524
628355
383688
152638
418431
352210
946118
297728
567440
418431
517994
199263
514183
696223
39177
371561
226915
563907
715678
224477
204226
156782
525066
674953
509591
946234
522102
329542
330617
225351
339238
622332
674956
569168
268730
222223
332991
392675
415294
651996
384256
330617
253579
6293
750435
634142
563907
226340
363569
524300
715677
509568
371410
289452
630199
652042
228570
613412
476502
283215
528945
291735
273522
222262
340330
726384
528308
762979
224075
241983
514653
830307
572713
222295
535742
634145
145147
947832
128037
228340
418396
799245
152658
572826
819166
402910
735873
696226
222538
314514
222607
94359
602915
172448
410994
517330
509592
735306
301992
143249
830348
403392
167324
156509
248812
143167
941296
308887
225357
413121
222308
264916
405759
251739
514624
973590
340500
722221
425394
96278
519871
222229
204932
340295
199263
42983
884284
418390
630134
747769
172689
830887
222639
329542
263842
222264
520028
372286
920240
946543
253539
141507
351580
630177
632978
413144
329233
293633
251996
199107
649164
563014
405073
409389
405721
256308
154284
927831
19926
437996
822071
45176
57277
222213
152094
371469
25674
268948
241911
632971
734051
289955
199263
226209
329233
145141
638361
421112
528351
928403
286107
799783
968930
630141
57536
209173
624191
565995
224075
517227
152552
941315
735875
862786
866360
340291
222071
208676
269152
520423
228973
822634
857291
603301
301990
414246
990258
333815
141039
726878
973089
565060
630173
338157
9
241438
263833
517227
359206
765979
958154
256774
224840
372248
279924
308419
435855
432492
735215
173594
419119
888151
762972
152690
43587
520090
634060
314517
928403
724170
830888
352904
263443
572713
735223
520422
401208
783884
578722
226384
728216
978380
514126
251991
422228
565959
763825
371432
141837
141096
611574
371561
563924
625146
152831
917668
152550
340560
27897
146246
209435
327213
715658
226333
997831
735223
269624
462482
362730
724195
830347
735296
627997
286107
972053
673041
320866
141036
437994
371557
271788
402662
301900
534016
419119
517246
722485
715283
724647
402930
222260
947851
156132
572774
221594
57271
227359
222260
52042
726849
517294
352227
565067
302947
204211
283208
9839
517225
651732
715658
256489
57213
119463
417227
329772
273960
735920
152817
29170
191769
587434
57536
251434
268733
86940
687386
650605
228344
597932
825614
649164
221863
225357
226341
271410
488840
228032
522191
6226
382565
221050
492895
765255
785711
204215
474635
431679
478815
514184
95686
241968
856526
565874
830359
572821
785711
371565
715066
228340
402798
228610
509561
222071
199263
715675
397205
522803
341762
652094
402910
199025
131530
400903
735220
997222
329784
204372
269661
57356
632954
409389
658743
301414
222302
32724
316792
227198
465941
226494
763826
587494
526956
866315
815721
359206
746259
763862
632976
268735
269622
143108
262023
947885
726344
145141
735875
437244
119463
209413
402798
902506
634060
264917
204982
109940
95919
253579
419689
624821
520941
176385
222230
962240
340509
488818
271546
735222
227152
928403
289737
437152
719910
726384
476546
152622
141098
371525
735855
526380
301904
204989
42111
836
29307
225637
143108
269622
43338
301758
715066
962724
150672
371565
625658
715204
724196
658743
517349
293633
344836
352252
630190
68283
565253
222146
280327
256485
372282
146248
271509
799245
991076
273403
42267
997831
141836
722463
932606
278757
402775
674409
49332
199260
173583
603306
243024
650600
517221
352219
19926
403354
941296
431692
509591
32723
222685
445691
340380
224477
525502
734026
241968
340264
268915
734071
478579
990272
362797
418499
825678
737806
314510
431673
329542
271990
724170
352227
397205
82943
946544
820090
563859
30737
262023
226205
62136
198331
726397
405725
29309
226490
638369
638258
248880
340509
418396
519961
271545
519910
173023
196893
410994
836776
152550
131538
293633
762972
421028
834458
222563
62899
283509
156776
405722
535700
152873
263414
850605
992433
765179
715029
962231
437221
240751
371431
735891
52897
271555
248495
413150
283509
517302
222602
431679
478841
418451
715614
734014
514324
992639
525502
520065
947614
287278
268915
520421
514184
978388
715262
734071
95919
340293
649139
842539
714350
517352
172412
715639
421112
528317
724647
528303
248599
262020
253722
222607
714128
932636
301737
172689
222619
320865
222260
722484
474625
763826
301355
60843
514354
419021
142284
514659
269667
225852
724647
281572
222229
269629
413120
251736
363917
958280
12086
131451
726349
283084
520421
176382
248884
141097
403811
244776
674953
340293
173332
172283
405721
834450
729877
992842
677881
724587
638258
517298
651910
33061
382091
997831
29179
283509
405969
283056
172680
947460
726894
729877
173338
413153
495815
338159
563856
27897
722484
156589
291703
517620
928403
842534
507208
57277
352216
650600
222135
283052
992433
222611
405727
283215
294611
687386
402783
578722
715066
273528
301758
260393
715283
362730
226034
401208
152897
528727
141990
734056
435222
42260
271525
649164
517263
228037
53589
744093
510902
226494
726327
714183
650605
340295
283088
86739
43722
156385
634483
537150
638253
803899
932971
517241
202409
517241
241967
602943
15412
947834
226118
253515
251996
825674
341541
651410
301758
152094
567760
246479
565877
514124
403841
419688
630199
271455
248591
340266
572772
173376
94783
222603
363566
658747
49329
504925
152523
992842
517241
651735
314510
86637
958204
687389
329237
341225
352252
271561
33061
638421
402775
715613
286107
611574
225638
253539
947832
263294
490090
405721
145101
156509
173588
735224
172222
273529
260331
226393
402798
86636
208673
687386
251786
405721
221259
715283
226202
714620
343507
183962
514319
572772
735243
735306
222629
451090
947835
763860
3980
803273
308886
578726
352210
735224
226115
43769
204934
283605
920405
572152
33525
620420
602947
830343
958203
224074
271469
222602
735920
403354
414246
866316
340279
691683
478572
456916
534184
502790
204215
222649
193263
141839
352216
263292
520028
525502
141840
222619
941314
344836
229875
256489
365252
173535
50734
57274
183960
144549
340500
271507
982009
316792
514356
726806
462596
145101
715673
371561
301990
405727
488818
340129
565064
131443
146295
520944
872682
149042
289453
714128
520424
329784
625077
830307
528303
514593
842534
156392
587494
528360
734027
729877
226205
630148
419688
722223
417290
283509
603306
417263
371410
152830
639241
715269
224074
897293
88869
43765
327790
43528
32724
520062
29179
783884
262146
33299
691683
329237
226029
152042
631234
403354
253570
722484
857291
264911
520065
25179
649164
271462
150292
733381
283208
437245
283082
825618
520948
49326
308823
289963
894532
872684
421110
226189
383694
376208
371565
260397
962212
515807
958203
749582
714596
173405
222611
96278
881014
403842
251724
173587
528274
172464
997831
273404
714568
962218
899630
264911
314518
33923
803273
563019
735222
608443
283088
638258
32737
33053
251729
256385
403354
402662
57271
204932
245873
32
830303
569143
338156
329775
437198
873500
320525
998360
152897
622125
917693
271413
176689
418366
514104
281541
632976
340293
57277
825198
60843
131453
962216
825066
353726
867304
882839
495824
541843
715638
33053
622125
728216
173960
271910
526222
495820
18630
172446
830882
39725
928403
145103
260332
517359
156148
173524
649164
715677
563857
715269
658742
42197
565064
143167
722485
947460
765060
42267
735293
303033
327376
250663
94789
264918
362222
329777
867303
724196
86730
93176
435221
888113
517244
271506
226115
94788
525238
763862
888031
765979
410962
251765
478547
344836
226491
639249
403357
418434
715076
526254
734059
221590
392403
410994
990258
264916
141729
264918
271509
172286
363565
341227
221594
264901
316797
222765
722225
268730
173583
269661
156301
563013
962099
368733
282744
143190
56514
417340
572152
565143
316797
587058
191191
263414
997306
799243
830348
141097
936332
422223
253579
146293
787266
6285
413120
714354
659798
714109
572774
830347
825639
222308
33053
264916
658742
263836
173594
650601
329772
340507
22279
352229
926077
222799
32721
283081
269661
678268
301992
402798
352438
403811
42197
50734
327212
506044
509561
271502
630195
630134
30333
156300
735886
251450
222484
222291
682484
293633
427198
569168
724587
224470
520425
765979
25178
264918
241911
340560
947837
418438
260331
95686
735306
947832
834456
329237
602949
152827
696226
222643
517337
340120
302910
972685
506086
734012
30822
204934
241916
43588
2401
431679
198331
495820
520421
283440
724587
222563
250672
528308
782681
131538
222607
251410
301737
495820
279978
256308
572158
222534
283438
462480
241436
456916
943590
141839
141843
825029
734027
462986
658747
659793
273522
340575
263295
222244
283030
224849
462480
744093
292368
248888
263447
696224
517263
344142
304363
735222
222618
567440
251797
141837
173400
152828
634483
445697
726346
172222
724195
119214
226029
714629
60844
269622
173530
537290
263445
403352
263414
405728
421110
402941
248881
294363
634484
204309
173023
946544
228344
224196
301754
222301
537227
397205
172687
64143
248888
141843
923903
340293
143165
372632
990275
724128
29307
719871
248881
389379
625253
283081
834456
830348
991024
514350
222277
280327
226202
191191
437245
418465
156509
763826
565262
830818
715659
156132
146290
372257
714184
303082
263979
173530
340295
340293
53122
926396
514338
19926
535706
857291
224048
726392
303033
914629
726329
25077
567826
316792
49332
563014
122277
283210
622404
799245
722221
799783
726891
517353
141836
365204
525231
225385
715652
517290
224477
491769
329543
403352
873893
765076
273589
338159
277900
141843
156506
263987
352280
715269
735221
152831
191194
172283
735873
371469
241436
340509
228340
417298
314510
658743
152690
172952
478815
436279
191191
726841
30822
183893
131530
634480
528365
867303
347870
714596
830347
241916
222603
734027
273522
830886
622407
881018
292373
225638
308880
94135
787268
9484
695668
193263
343507
827460
57286
226894
222563
726329
528321
726844
156300
221439
563907
735240
946549
658742
283509
946544
674958
634060
32721
403357
248888
445697
204217
520422
514310
204210
7696
314517
86948
88
765975
271520
224477
372222
946118
603306
26648
603306
565887
152049
842541
440938
282746
241916
224888
735225
173524
524302
715294
94131
517224
517337
435296
29363
803273
283082
226024
379978
899630
222629
225353
4753
312224
402664
634483
15
733381
691683
715255
402783
251729
722191
474625
96272
269152
199266
152826
173589
917638
406080
517330
362786
478547
866372
222563
413147
735225
724647
785711
176397
677881
176386
603301
514356
222302
724198
723685
520090
156730
622382
402664
658740
733381
56528
830887
371529
222301
418434
417302
735222
649185
520023
634060
314518
329233
