2000 1000000 2000
676 154
686 154
357 154
187 676
299 686
1508 357
1515 1508
972 686
105 357
748 1515
1711 686
1692 154
1869 299
1017 187
829 1017
809 1515
1505 676
383 1515
1002 972
1448 829
1657 1515
1824 1508
1271 1711
545 1515
1099 748
1255 748
556 545
388 1017
1290 357
992 1824
66 1017
1812 972
1139 1508
77 1515
306 545
1079 105
647 1692
1751 1824
944 1002
1939 992
406 1824
294 809
119 676
893 1448
753 1812
934 1290
577 1812
861 647
367 809
366 1271
796 829
950 577
740 388
885 366
749 1079
1495 383
329 1751
1845 992
1031 1505
324 1812
1478 367
194 324
482 406
1242 1079
1928 950
1867 306
964 556
1254 154
290 1495
1973 1495
49 1255
984 366
1374 306
1891 749
1111 740
990 676
1493 1845
1927 1508
285 950
94 686
868 290
1450 187
979 1505
543 1495
922 944
1463 1867
1209 944
394 1139
432 383
723 950
759 950
1790 306
1863 1493
123 119
560 388
445 1493
1449 105
1129 1711
1197 94
1886 740
985 1751
397 749
1641 740
1127 1692
513 1111
1159 1449
1865 979
106 577
1822 829
512 972
252 105
754 1031
1166 1939
155 885
348 94
578 94
336 556
1981 1641
743 753
1759 406
1926 964
460 1822
41 1031
1319 1209
516 348
44 1981
898 1812
225 979
969 516
81 388
1020 94
1126 194
387 348
707 1463
1715 106
488 861
320 1478
1968 1715
639 1493
1227 106
1244 748
1536 1139
217 707
113 545
725 1926
855 1867
916 922
1498 1079
1122 512
824 754
1251 1020
650 1159
1983 861
961 432
1302 320
1766 406
56 1251
1605 1505
988 1508
1915 985
1948 155
1010 1079
1720 1948
303 388
1274 1863
608 252
742 252
1682 1973
1009 1711
1955 66
1304 367
675 1017
1530 44
459 868
391 1891
1970 1126
1871 1197
1616 972
1459 796
623 1459
1316 740
334 1166
219 1197
1543 748
353 623
73 482
1572 743
345 1166
1394 290
1709 979
436 1968
70 1983
795 964
730 650
340 1915
1670 1973
1183 893
326 545
1389 1227
1407 1682
1456 934
568 1002
291 1389
1363 391
1123 119
1142 1968
1230 219
371 944
478 1790
1945 1407
974 1271
654 749
1850 44
1365 106
496 795
1060 898
1285 944
848 366
579 1928
983 944
1621 1845
976 1127
600 1863
694 1915
1466 1017
1735 394
1011 406
1805 1863
1589 1302
1604 1017
314 1302
896 294
1207 1948
1729 1670
1133 516
400 1302
1027 1495
935 1735
1393 694
1611 94
1036 1670
72 1968
1633 608
706 1948
168 1389
1752 1122
690 1572
317 1915
1338 743
515 1302
1050 1254
494 686
309 824
538 56
1473 1393
946 1955
170 1111
598 961
882 488
1284 1463
374 299
1838 1251
439 1543
447 754
125 345
1964 1079
469 969
1808 829
681 1891
247 1752
1249 1926
900 984
1398 366
591 577
1963 1955
956 1915
628 1970
1629 113
605 1249
1868 1011
1322 1394
1602 1616
1524 1407
1788 400
1902 676
1047 106
467 309
1849 1459
677 460
1289 56
8 1456
1800 1939
1161 513
1622 964
510 1129
282 81
418 1139
1081 1729
644 647
695 1316
337 383
150 984
165 1254
945 992
114 1752
473 1183
136 675
502 654
156 1715
1912 730
174 73
1717 1824
271 983
1610 796
1870 1505
802 1983
919 496
1253 496
1998 371
1268 677
1410 1036
940 1036
1278 1407
1951 467
635 348
1379 1622
890 1449
38 1849
1620 513
1513 1505
1239 1047
1231 174
958 1449
1613 1948
411 1231
1256 387
1482 114
83 1289
1354 1255
1921 1302
1798 1017
1405 150
1544 1572
1418 1715
867 469
771 1285
21 123
1435 1805
659 165
426 1788
633 1316
36 291
68 329
97 374
1596 512
1328 488
1975 1629
612 946
978 543
1684 1524
158 136
1904 919
1909 406
691 1508
1464 68
457 1374
1676 1227
888 1398
1558 647
1341 1572
1744 1498
993 252
1135 1498
1086 1604
1819 650
981 1729
933 650
1080 1449
1061 759
841 66
1846 686
162 1244
1272 809
927 1197
662 1365
1831 1621
141 1824
1779 1572
1312 387
163 247
376 44
1547 691
1315 1572
1645 72
279 1478
1381 1459
236 516
1997 916
787 306
1220 1142
1475 1717
758 473
175 21
1770 1973
1557 77
895 397
852 1482
1936 459
1362 513
715 1322
249 478
982 1751
474 725
673 1849
4 695
1153 1939
1457 418
492 474
1639 1684
1980 1239
1724 969
180 538
1728 1285
1947 1604
215 1547
1533 432
331 249
853 605
1612 515
1180 1256
1941 1868
1147 494
62 934
1414 1220
1263 345
126 715
739 1459
683 494
1486 1036
1933 1290
700 1239
109 175
451 560
711 215
159 49
1615 715
1326 725
1308 695
1637 748
1281 36
186 608
1971 1870
358 795
91 1183
1062 1281
344 628
957 1389
1677 1312
1749 852
276 81
1594 1020
1607 885
1918 1050
1958 1304
321 802
1163 394
1064 1812
948 1060
915 1271
1172 1605
1403 1389
729 956
431 1951
169 1142
339 474
627 334
670 1912
1924 1729
702 742
79 711
1429 460
425 919
561 600
941 482
87 771
1504 344
1446 1557
1588 543
947 1289
1574 83
1357 516
1377 1418
1303 8
1549 113
1953 948
747 969
593 488
717 1126
295 451
90 972
908 1418
146 729
1270 431
45 985
1965 1958
1661 247
1346 754
872 348
380 1142
1880 1009
557 988
692 855
563 1271
1802 187
1110 964
1944 771
1600 236
1654 945
419 1381
1329 411
1556 41
1518 113
1685 1111
1120 882
1056 1061
750 1968
1609 1135
905 1633
589 1609
1369 1326
570 557
1669 41
245 1365
1551 1605
651 94
242 1230
1743 754
435 1308
963 725
667 357
1517 1111
1156 114
601 105
1651 245
1907 1270
1072 841
1496 411
143 1231
529 1711
1404 1062
396 1790
1005 1272
428 1448
592 447
211 992
1015 141
1467 492
1177 1717
27 667
127 723
1182 1329
1425 425
697 1230
770 1410
1250 467
1344 1838
266 1921
817 1244
393 1970
1484 1729
1704 686
1417 702
1224 1072
1767 1326
1883 1270
544 941
1497 1711
1905 1377
1864 113
1190 1473
1861 1867
322 802
1001 1594
1184 109
1314 900
1897 1518
390 1684
526 451
831 963
319 406
395 1254
1019 397
173 225
1292 560
761 126
1539 644
521 1886
779 299
708 692
645 1556
1722 730
1708 1831
569 282
1265 974
800 1031
1626 1863
504 162
1028 1017
767 106
37 1871
906 1290
389 1605
773 380
1087 1379
1583 700
423 266
865 1504
1437 162
553 460
657 1557
1152 426
1277 1539
1150 159
669 1902
583 767
1811 345
1516 1645
7 628
1174 568
145 1047
1959 345
1428 1759
1674 905
965 62
1978 1779
724 319
1097 1524
51 896
929 1467
530 723
307 1867
519 291
1725 1357
1721 1766
338 1061
346 1904
1383 1464
1656 339
1925 1190
1575 519
112 1819
131 1126
1400 125
1489 146
1426 1871
1234 1886
1667 1997
585 1322
1447 1616
183 1314
76 1207
440 754
69 1159
446 982
313 1404
1569 236
1004 1459
2000 87
286 303
1201 439
1899 1417
1961 236
632 83
1345 563
1260 1838
713 1383
1442 56
1325 965
1420 1184
580 1721
546 841
65 1600
481 1274
189 1933
999 313
1360 143
1501 1616
1681 1613
2 749
1913 8
1923 426
108 1637
1461 1766
434 431
122 1072
550 1629
1564 1620
1090 761
1069 1227
775 396
559 1285
1038 1365
1116 919
1775 1610
311 1277
1481 1515
1875 1516
214 145
1835 1064
495 1227
1857 1971
456 319
566 8
925 809
327 1941
1813 81
1519 1135
1799 440
46 1414
1750 1278
1914 651
1419 346
1012 982
1311 691
420 761
1702 1338
901 1750
1548 1639
1570 946
1191 1711
1529 1278
1542 1407
1372 516
1052 143
731 976
716 963
1117 1374
206 852
1350 344
413 357
1024 965
1217 376
518 841
1887 1530
86 1921
323 1086
1214 753
1698 809
450 1720
791 1362
1385 1481
1624 1303
689 1970
733 791
1416 366
222 419
1733 1857
1582 717
422 169
1830 1508
863 1497
1343 1715
1801 1256
1782 518
1313 136
594 1845
655 1419
558 322
506 1217
1601 1570
1764 1544
1991 1419
63 1419
752 577
505 169
1561 1024
1181 76
1352 1473
361 1945
161 141
661 988
1298 1607
1198 577
507 1959
1535 1019
790 440
193 829
246 670
1979 657
1257 1801
1451 1249
1101 366
778 1110
254 481
712 752
89 1419
490 753
994 730
480 492
720 206
1409 1681
16 1122
1606 1450
1962 435
92 1495
880 141
1460 1256
471 1374
540 180
1853 1116
1747 122
826 853
29 456
1035 694
899 16
1507 800
287 391
1051 1190
1216 432
1771 329
1091 1369
31 1978
926 1939
704 77
887 724
1412 1637
1872 393
799 1374
204 633
1169 1135
1832 346
1008 752
1261 1064
1974 1808
1136 669
78 1513
424 340
1976 1733
1421 1448
1683 861
511 1961
1650 848
1088 92
218 1482
1469 1181
417 743
1599 1035
264 4
1210 868
1238 639
111 761
315 1813
1890 1152
1512 445
1366 434
392 673
1932 519
120 515
256 957
1796 1161
1765 1863
1940 1274
1795 1918
1399 2
641 353
1816 1779
1960 589
1073 1865
1252 934
1472 1062
205 264
1320 1657
142 2
240 311
167 1081
1186 1414
1526 754
1521 771
744 771
152 1661
22 315
769 440
1474 570
1874 1902
34 1883
1375 89
1815 1277
1842 392
1162 1802
889 1752
615 159
1900 605
130 451
1046 694
1859 1670
1430 1941
923 142
1881 754
1649 256
298 704
719 796
491 1505
18 1381
1121 773
30 715
1441 1142
1280 393
741 761
1233 667
931 1142
1468 146
1920 719
1705 888
84 353
28 1190
606 435
547 1905
185 1214
514 94
811 729
1170 826
1893 601
1432 1682
302 1399
1187 1991
1178 521
289 426
1878 426
88 742
574 890
1436 956
1825 1344
1033 1615
1373 1813
524 1801
1077 1220
784 1654
1985 958
886 27
1258 357
1943 1962
1241 298
1646 1281
1500 1463
1065 1891
1755 1750
255 1328
181 972
1837 1242
854 2
272 1725
804 150
59 934
537 715
967 1120
1665 1265
549 1897
257 180
352 1429
129 1404
24 1497
1245 1501
1716 1961
32 521
1084 313
1164 1925
350 518
453 154
684 1983
891 1224
373 982
200 906
237 400
960 1948
1124 778
1726 480
1804 154
151 1449
825 1124
552 1864
597 1150
1578 155
1597 1120
1032 1090
455 1198
640 84
536 537
682 1320
1347 1005
1213 644
1185 1870
1189 491
894 397
582 673
1317 1417
1053 1960
60 1605
1462 1418
176 702
823 544
1858 518
1131 1190
1590 327
918 291
503 91
703 887
135 1824
1534 1462
192 715
1194 1830
638 490
793 1135
260 1961
1282 136
904 865
810 964
212 1053
1042 1017
1510 901
403 1831
341 1409
1666 1080
1262 1976
177 1230
1408 1084
954 1139
235 547
61 432
1662 675
772 491
144 1379
533 291
1737 151
892 1069
201 467
1995 1639
1422 1162
1595 1316
955 867
693 1365
1368 237
1155 445
1310 1831
259 131
48 1802
777 1126
1291 747
903 1692
1221 473
412 747
1355 1973
1334 411
1205 339
1699 1272
405 1008
1956 1795
1307 1867
1746 669
359 48
1264 1325
465 872
1579 1031
1439 352
1555 387
1179 1099
493 990
39 1956
1083 165
1993 1579
54 1516
1154 1426
643 193
613 537
780 855
1283 1270
226 1542
839 1615
472 1253
1151 1110
1487 1656
137 299
821 245
794 1326
74 1459
1444 217
1568 1422
1703 1875
1138 1796
415 245
1078 1153
953 88
477 1031
1618 1404
1730 863
1454 38
1942 380
630 514
1877 447
1443 256
1115 1549
1710 242
653 240
1553 338
1873 1886
1054 2
149 1751
1892 1735
273 521
1687 400
1306 120
1810 1437
1642 383
1105 303
782 1530
832 889
98 1749
951 1306
362 1217
735 1594
1844 777
1247 1081
452 295
1499 771
82 1284
913 65
191 1375
734 1703
980 719
1492 473
466 113
284 1031
1068 800
781 1596
239 317
1293 247
1689 159
788 435
1491 174
1823 1281
1382 771
785 88
421 350
902 1180
602 1961
722 225
970 945
1783 396
838 556
813 953
269 1284
1104 108
278 257
275 1217
1906 1166
1701 302
664 259
1856 1893
870 83
1647 286
301 598
907 1163
1477 366
818 396
987 1054
202 543
71 1464
1465 1079
268 731
263 1284
1917 1245
140 1083
1694 1899
1673 1927
1336 1978
234 63
208 158
1580 1060
1049 1147
277 947
166 1822
292 1170
674 1459
610 469
1208 1616
705 530
398 1698
1427 1450
117 175
1067 1605
1540 686
1503 747
364 794
410 1394
430 1904
1552 380
709 169
1896 651
244 823
198 709
921 504
548 239
1305 1524
1106 654
1994 348
464 1420
1173 1853
1638 895
1592 641
1113 918
1938 478
1922 1825
1196 655
652 514
1935 239
603 218
347 1347
1860 98
1952 1060
1119 1551
1232 1844
330 1606
1910 140
221 1289
1736 519
575 393
1146 793
856 1815
1772 654
1774 1865
209 921
241 144
229 1255
1847 583
103 373
433 1368
468 1383
871 593
542 405
619 1835
134 279
1058 346
696 187
1862 1775
52 206
441 1033
335 503
783 1701
509 129
527 566
634 317
1144 1900
1827 1705
1617 291
274 963
877 1574
1778 1860
822 221
660 693
1353 142
1630 62
756 1097
1401 1065
35 286
1323 923
1397 1499
1388 733
1438 1257
842 771
763 1174
1761 1190
1882 1169
1089 1033
571 1961
499 934
764 1123
1453 605
1659 904
1165 340
701 61
437 1709
1671 1808
1361 1778
959 1764
1525 923
1240 740
728 79
642 969
1276 1432
1949 651
1406 1257
1092 430
973 1995
562 56
617 284
1490 1544
454 978
846 471
1171 452
1228 1921
1387 242
620 647
1787 1459
14 1897
1675 1512
806 1659
308 1859
1000 642
379 1605
884 562
1763 1881
1644 1365
267 1317
1339 152
1957 1600
746 1764
1195 1065
1215 654
265 1725
196 34
1898 72
1219 313
1931 1487
1888 426
968 1011
738 948
587 940
342 696
42 1486
1627 21
1734 1008
1275 1208
409 1601
1554 601
1977 790
1085 1000
1286 7
325 594
210 901
1470 1207
497 35
9 767
1330 900
1188 1409
1632 1258
1040 1646
17 193
815 185
656 700
356 284
737 1612
1776 694
636 1605
1911 676
1066 1124
930 418
786 992
1014 1761
1686 994
1337 285
1785 1111
1566 1366
1297 396
1204 961
1706 635
188 712
912 217
1034 1284
586 1579
1839 1104
517 1316
296 1201
1057 1027
1946 1682
1218 659
1059 742
1269 1621
1919 730
745 1646
1237 1722
1714 1401
363 1864
1266 189
1577 1166
280 1500
1969 145
1587 439
164 1830
962 725
732 474
520 1472
997 174
508 689
461 1254
1039 1344
132 1393
1415 317
607 140
1740 1178
1137 1463
1324 643
11 211
157 645
646 676
1876 704
1884 1526
1987 398
304 1430
1018 334
1769 491
1585 744
881 884
197 513
1809 36
727 1442
1814 1702
1571 1239
1806 1659
483 1795
847 320
616 652
443 1945
768 289
932 781
1471 674
116 469
1390 111
1431 1036
25 712
1848 419
19 681
401 517
1378 1306
1563 131
1102 954
182 1035
449 591
1098 1659
977 1409
470 452
1109 493
687 982
866 1284
774 1263
1044 1116
281 1824
1364 1503
489 1163
1834 783
1041 22
110 1169
118 315
1520 242
171 239
1982 1955
261 697
1833 890
479 2
680 1368
1029 122
384 754
199 1681
1984 540
1321 717
500 1389
190 623
942 1088
1821 109
1488 42
1003 1382
1745 1242
1693 578
1680 1230
1748 1442
1954 219
1794 1018
1773 529
1006 71
1175 1536
1855 1169
1145 1802
369 168
626 1265
1668 301
1916 1800
121 900
1652 994
996 984
1836 1009
1934 1089
115 1319
231 1217
939 745
1333 359
1826 1618
1076 1280
1591 775
368 1471
310 1904
1894 558
535 738
1628 1292
573 1896
833 1676
1395 1891
883 359
258 1315
1608 342
1093 456
1732 379
1697 527
792 1214
328 918
525 61
808 1162
1309 1368
414 301
797 1400
1514 193
1134 1215
1509 1553
13 161
1125 432
1636 676
372 1121
1082 1927
843 967
1299 60
820 1204
1777 740
624 204
672 123
1434 1290
879 1362
1160 1831
998 338
133 1196
1095 1338
1879 24
1889 1994
805 1964
1756 1860
1739 1345
1494 1496
1828 692
1445 1404
26 1601
1211 447
1658 92
1193 1720
1817 1503
1212 701
1546 1014
407 322
1929 653
438 600
224 717
991 364
914 1922
924 1459
1483 1446
812 1338
1149 515
293 97
1030 1857
844 1215
107 1692
1672 1053
1727 932
1318 1262
685 1325
1094 645
429 515
736 868
139 1773
1037 244
1199 592
233 109
1758 1395
668 970
1792 1403
897 925
1200 1003
178 236
1203 1475
1768 1647
1391 1574
859 1699
1295 1881
1248 1749
64 1934
567 1039
93 899
238 1864
283 1504
1598 1837
1226 174
50 1509
1653 1907
528 701
498 1853
679 991
911 872
1455 1276
989 1788
1664 904
1988 71
564 1902
909 1973
333 1677
251 1716
1511 1669
576 1551
1663 636
67 1905
1130 536
1327 245
172 234
1423 1457
1541 261
1376 668
47 521
534 180
938 623
228 645
621 235
1797 103
803 1585
475 1728
351 630
408 1912
1619 1400
312 567
12 1391
230 991
776 455
223 361
1930 299
584 1051
1070 341
755 899
442 676
699 334
637 1255
375 1094
875 1489
485 1401
1586 91
590 729
1545 1552
1789 1909
851 319
949 47
698 513
878 1832
1108 741
862 278
1584 530
1807 1554
827 592
873 182
1560 421
1760 1072
611 580
1635 97
860 1339
80 1981
572 1091
227 60
604 1030
801 473
857 1221
1128 222
1999 1629
1055 1210
581 431
595 1682
213 1795
1296 1303
195 1965
789 403
1048 269
1157 18
726 1309
721 52
1742 1730
631 449
1625 1467
966 88
1829 1812
1565 1037
1340 1773
399 587
1754 601
1559 1318
1267 453
1631 1568
270 1606
1723 1067
532 1038
807 465
1103 865
1531 731
1392 36
382 54
1096 1297
876 1084
1738 1887
1992 1557
10 611
100 1361
1691 478
1413 991
757 1771
864 1054
1840 1106
618 977
1158 1563
718 119
124 775
1235 770
365 92
1967 963
220 1985
1411 125
1301 1608
1071 533
625 123
1700 202
1112 1289
1753 786
971 391
1335 882
1279 1360
1452 942
404 291
1937 69
1643 1704
1567 1277
819 1262
232 675
629 46
1908 1352
1688 468
15 916
1259 702
1966 1776
104 1496
1167 1232
1114 946
402 51
1100 1867
1402 1228
596 911
1013 691
1537 1501
760 1853
148 1845
343 1865
943 1303
58 890
1950 105
1349 1524
1866 1464
207 1046
1222 472
160 1619
688 1637
1550 37
370 1213
1356 137
1707 1058
835 83
1841 384
1793 1810
385 425
1043 964
377 1377
1148 1193
986 1159
1367 1116
1679 792
1678 265
1007 601
1294 259
288 1556
1458 985
1243 97
55 984
381 740
153 1213
1851 1319
671 746
1176 1960
849 1536
1202 667
1791 884
262 754
551 700
1424 1165
816 1211
1141 208
1023 1678
1063 1795
1386 1434
936 1553
487 586
1479 82
476 63
1989 680
1026 753
714 1090
1852 791
300 524
588 1126
531 1493
1522 1554
463 987
1143 88
1660 415
762 966
484 1124
665 1238
138 1630
416 1110
444 1407
1538 1285
1972 1763
1854 1072
658 1595
649 1100
1288 1436
96 1335
1640 624
1206 1725
1803 353
751 153
917 1612
75 1964
216 1115
1358 1652
1331 269
1786 406
253 770
85 1917
297 1048
1045 989
378 482
845 1037
995 1526
1986 390
99 1248
1523 1710
20 1811
1485 1450
1780 492
23 794
179 20
53 1470
184 1823
1593 156
1433 236
332 1660
101 1167
765 1507
837 1825
1901 1905
1762 301
1532 483
1528 299
355 1486
1246 278
614 1651
1 782
1132 605
710 816
318 1950
1713 1863
554 220
1718 1907
869 580
1476 1301
33 915
1192 611
248 373
128 1738
1562 279
305 1530
1021 557
147 1726
1300 1699
1223 1213
1225 1498
203 741
486 1089
1781 499
316 252
1903 374
1527 1115
243 1935
840 1388
501 1854
666 1991
354 584
1843 1752
1502 1991
1287 689
920 1389
1342 776
1712 1586
1614 712
1576 1605
1384 1544
427 456
766 684
928 1422
1140 536
1990 454
1634 1795
1820 1316
798 635
1359 1415
1022 129
1506 869
1480 172
43 1161
40 183
250 1419
1016 989
523 1570
678 869
1996 1242
1741 1489
599 1574
830 216
1236 1702
1695 153
1784 1894
1573 181
975 1417
1603 878
622 1512
952 377
541 990
539 1946
1370 1618
1074 14
1623 286
1655 1159
1696 642
360 314
850 199
858 20
6 1920
1648 1506
386 518
1118 1956
1731 977
1107 732
1371 1276
609 409
448 398
1332 528
1348 1085
458 124
1025 962
522 1655
1229 1450
5 1066
937 394
57 452
910 737
565 653
95 308
1168 1692
1075 322
1351 1867
555 1929
462 413
828 1864
1380 1847
1885 1809
349 293
874 1908
1818 139
836 800
648 1146
814 1982
1895 1705
1440 39
1719 89
1690 207
1581 1114
1273 391
3 854
663 1482
834 1302
1396 638
102 1301
1757 1911
0
3
5
1
2
6
6
2
9
4
8
8
2
3
9
0
0
3
5
4
8
8
5
4
8
6
8
3
0
5
9
6
8
2
3
7
4
4
3
0
4
2
3
3
8
9
9
2
7
2
5
1
4
5
7
9
4
4
4
7
4
1
0
1
4
3
7
2
9
5
9
9
9
1
6
3
5
4
7
7
6
2
7
5
7
7
1
9
0
0
9
6
2
6
8
2
7
1
4
4
7
3
9
3
4
6
7
2
5
9
6
2
0
4
1
5
1
5
3
8
8
7
3
6
8
6
5
8
6
8
7
0
0
1
5
2
5
6
7
7
1
9
1
8
9
0
1
5
9
5
3
0
3
7
1
3
0
0
4
3
3
5
9
6
2
7
8
9
1
0
3
0
7
5
1
6
3
3
4
3
7
2
3
3
7
3
4
2
7
3
0
5
1
3
8
1
7
8
1
0
7
0
5
2
8
9
0
8
1
9
2
4
7
2
8
2
1
0
7
9
1
8
4
3
5
6
3
4
8
4
2
6
9
9
6
4
4
2
5
5
8
8
8
3
1
4
3
6
9
8
6
6
7
7
7
6
9
8
7
4
0
0
4
1
0
8
8
6
4
9
5
0
7
5
9
4
4
0
6
7
0
7
2
1
3
8
1
8
5
2
1
6
4
9
8
6
3
0
9
8
3
9
7
1
2
4
6
9
0
4
2
0
2
3
4
4
7
0
7
2
1
8
0
5
7
4
3
3
9
1
1
4
1
0
9
1
6
4
4
3
0
2
6
7
0
5
9
3
4
2
2
0
2
7
5
5
1
3
4
1
5
5
5
0
0
9
9
3
8
5
4
7
5
8
4
5
1
3
8
0
3
3
8
2
0
7
8
2
9
5
3
4
0
6
2
3
3
8
7
4
4
1
3
1
3
7
8
3
3
3
2
4
5
7
5
5
8
2
5
5
3
2
2
4
2
7
5
0
6
7
7
9
0
3
4
0
0
8
1
1
9
0
3
7
0
1
1
0
9
0
9
2
8
5
5
6
0
6
3
7
9
9
9
7
8
8
3
1
4
0
2
1
6
5
2
0
8
8
8
2
0
4
9
4
5
3
2
3
7
1
8
7
6
2
3
3
1
8
6
6
7
0
1
7
0
6
4
1
2
6
3
8
7
3
1
4
5
9
3
7
0
8
1
8
8
0
8
3
5
6
7
3
6
3
2
4
9
2
8
7
5
5
5
0
0
0
3
8
8
3
3
2
4
2
4
9
5
8
4
7
1
5
7
9
8
5
0
6
5
3
0
4
6
6
2
2
2
7
6
8
3
2
1
7
7
5
3
5
2
1
2
9
1
8
2
9
0
6
5
4
5
2
0
9
6
3
2
5
4
3
6
1
1
8
4
3
5
6
1
4
3
8
8
9
3
8
5
8
1
9
2
7
1
7
3
9
6
0
8
0
1
4
5
2
0
7
9
0
7
6
8
0
3
4
7
0
3
0
0
9
6
9
8
6
6
8
7
5
2
2
7
2
7
7
1
3
3
9
4
7
4
3
1
3
8
2
5
3
9
4
4
6
8
9
6
9
5
0
0
2
5
4
1
5
2
1
1
0
6
0
4
0
3
4
6
7
3
0
5
9
1
0
3
8
8
6
7
0
1
7
3
1
3
3
3
0
5
3
5
9
1
2
5
1
8
5
2
8
8
4
7
3
2
2
6
9
7
3
5
6
3
0
3
6
4
1
9
1
9
3
8
7
6
8
2
7
1
5
4
6
7
0
7
9
0
8
1
4
4
0
5
7
9
1
1
7
3
7
5
9
1
3
2
3
7
1
7
5
6
8
4
4
6
1
2
5
7
2
5
5
8
0
9
8
0
5
1
3
5
4
2
7
0
2
5
3
0
9
6
6
3
3
7
8
9
2
4
1
7
3
2
6
2
7
2
3
6
8
6
2
7
3
4
6
6
4
6
1
0
4
2
9
1
1
9
3
8
2
4
8
2
0
0
4
1
8
8
3
0
5
5
4
9
0
1
0
8
2
5
8
3
1
8
8
4
1
3
4
3
9
7
2
9
8
2
9
7
8
1
4
2
4
6
1
5
4
5
7
7
3
7
3
5
9
4
7
6
6
9
7
4
5
1
8
9
4
8
9
3
1
6
5
8
9
8
4
1
2
5
3
9
9
3
4
0
3
0
0
1
9
8
2
7
4
1
1
3
1
3
9
3
8
0
6
0
6
8
2
4
9
1
5
9
9
3
7
3
8
6
2
3
4
0
2
2
6
5
4
4
0
8
5
5
9
4
8
0
4
8
3
2
0
0
7
6
0
1
0
5
6
2
2
3
2
0
0
8
2
9
8
1
6
6
3
6
0
2
6
7
5
0
5
2
6
1
0
9
9
0
2
9
3
5
0
5
9
3
6
9
6
4
5
5
3
0
1
7
4
1
4
7
5
9
5
4
4
1
0
0
7
1
5
9
2
4
2
6
4
7
1
5
4
6
7
9
3
3
6
0
3
1
6
5
6
1
5
5
8
5
8
1
3
7
9
6
5
5
6
4
8
6
1
9
5
9
5
5
5
0
0
6
3
5
5
8
4
5
3
4
6
0
4
6
5
3
0
8
2
1
0
0
5
6
0
5
6
0
6
7
9
7
1
0
3
6
8
4
2
8
6
5
0
5
6
0
8
1
8
8
6
1
2
6
1
8
3
8
8
1
1
8
6
8
5
0
3
2
4
5
5
0
2
4
7
6
5
6
8
6
2
8
2
1
2
8
6
4
3
4
3
8
8
7
4
3
2
2
1
0
5
2
2
7
1
1
2
4
7
4
2
2
8
5
6
2
3
9
1
8
4
1
0
5
4
3
1
6
4
3
2
1
2
3
0
3
1
4
2
4
0
6
9
3
0
8
0
3
2
7
9
7
7
8
9
0
2
3
6
5
4
5
2
7
5
0
6
4
5
7
7
1
4
6
9
3
4
0
9
9
4
9
8
2
2
2
8
7
6
8
8
7
2
3
4
6
5
1
3
7
7
3
0
7
7
0
4
2
6
7
6
3
6
0
5
8
2
0
9
7
5
3
3
4
7
1
7
0
7
4
0
9
6
2
2
1
6
9
3
3
2
1
4
0
6
8
3
4
0
9
0
9
2
9
0
9
9
3
8
8
4
1
2
0
8
8
4
8
8
6
3
6
4
8
9
3
6
8
2
1
9
9
9
2
5
1
1
5
4
2
8
7
4
7
8
4
8
4
6
8
2
2
4
6
0
5
3
2
0
3
0
6
5
0
0
3
0
9
0
2
3
0
0
1
4
7
8
1
8
9
1
1
9
2
6
4
8
4
6
8
2
4
5
8
8
3
8
3
2
3
7
7
7
7
4
3
0
6
0
0
9
6
7
2
2
5
6
0
5
4
7
9
5
9
2
2
2
0
9
8
6
3
3
3
8
0
2
7
0
3
3
8
7
7
1
2
7
0
8
8
4
0
6
3
3
3
6
2
3
9
8
5
5
1
9
4
3
2
6
3
8
6
7
4
4
6
6
7
6
6
2
5
6
4
2
0
8
7
9
2
3
2
9
2
4
5
2
7
5
6
8
9
6
3
4
1
9
9
5
4
5
5
7
8
7
8
7
6
5
6
3
3
2
3
1
7
8
8
7
4
9
7
4
0
5
1
9
4
5
2
3
9
5
9
5
5
2
7
5
1
6
3
5
8
0
7
6
9
1
4
6
7
7
2
5
0
7
9
5
4
7
5
4
1
2
6
6
1
0
0
3
0
3
7
1
3
0
2
8
7
0
2
8
3
1
0
8
2
8
5
6
2
9
6
1
3
3
7
3
5
9
3
8
5
9
3
3
6
2
2
9
4
3
2
6
0
3
1
3
3
4
7
9
9
0
6
9
7
1
4
7
2
6
2
7
7
9
8
7
2
3
2
9
4
4
6
3
2
2
9
8
3
4
9
8
2
5
3
9
7
7
3
2
8
8
3
3
5
7
2
5
0
3
8
6
5
5
5
8
4
9
1
0
4
6
8
5
5
0
7
9
3
1
1
7
7
9
1
9
9
9
6
0
6
7
9
9
6
6
7
1
1
2
6
5
0
4
5
3
9
2
7
0
9
6
5
8
1
7
0
4
4
3
0
9
7
8
8
7
8
0
7
8
0
5
8
0
5
2
7
0
9
3
3
4
3
8
0
5
5
6
2
6
4
6
0
1
2
2
1
9
9
6
9
5
0
2
6
2
0
3
1
2
4
7
8
3
3
4
3
4
4
2
6
4
5
0
0
3
2
3
9
0
3
4
4
4
1
6
4
9
6
3
5
1
1
7
0
9
9
3
3
5
4
8
0
7
5
4
9
3
9
9
8
4
4
1
0
0
0
5
6
1
0
8
2
1
0
9
5
5
2
2
3
8
8
9
6
6
4
7
8
9
0
3
6
7
4
3
1
7
2
6
0
6
8
4
2
8
1
9
6
1
8
3
4
1
5
0
9
4
4
8
3
9
8
4
5
0
6
8
125 1193
838 1626
67 1904
209 1505
773 1266
391 155
680 808
1186 522
1116 1778
491 414
1529 48
1428 918
1572 749
1941 1825
1264 394
366 170
726 651
366 139
315 1983
1403 90
340 423
1605 1713
670 257
612 1704
135 1153
1304 1469
975 110
588 6
973 714
626 903
1137 249
680 339
1929 1425
1111 1701
712 547
1572 1585
220 1984
1145 1525
807 67
1261 1913
565 207
1003 1552
1777 1645
1100 1443
752 1693
760 314
1207 778
1657 861
23 1037
1176 1600
1909 1752
1051 1737
519 745
445 1965
1195 1700
1229 418
1982 262
689 298
457 167
1795 1270
1507 566
1128 1977
611 1227
186 48
1994 73
485 1097
1680 1875
989 800
169 1337
1032 1156
304 405
1566 244
902 634
1677 522
1182 1538
633 761
1216 1007
218 1777
918 1573
1081 82
806 796
1734 335
1424 102
1363 366
199 1264
146 373
1734 1418
660 238
505 492
882 12
643 1893
956 526
1220 850
1524 134
1087 837
547 1498
469 896
657 1436
1276 712
250 338
725 962
1454 1659
30 1821
405 710
1652 601
1171 784
51 463
253 1456
1859 658
1269 1059
841 1993
1824 1448
973 1740
565 1178
442 1195
725 1224
1667 1535
865 189
1258 1523
1198 839
1839 448
1295 991
1732 128
668 1575
507 1939
407 702
836 913
1433 1337
1332 784
844 481
961 1989
1095 548
261 1142
127 1509
795 1747
1221 166
495 1097
74 979
82 819
1247 1108
1747 1703
1451 1886
806 1048
1964 87
113 1994
1021 573
834 1941
456 793
793 32
242 839
1489 837
874 1836
862 295
755 571
1546 1430
517 524
578 804
735 296
1506 1273
1629 1126
283 1433
1964 1821
37 863
471 1818
1008 1539
336 1132
1422 671
1681 1932
1070 1313
964 1176
1905 201
1119 1390
1174 1789
742 560
1918 963
558 1877
1183 1332
1068 152
98 1848
137 858
832 860
1982 776
1070 1809
1960 1264
216 1332
917 1249
961 88
1896 860
171 1362
1857 506
1243 1514
1180 1135
1804 1945
1737 734
1372 110
1567 295
1715 1159
660 1795
263 231
656 1285
1395 298
978 1999
325 1897
591 1341
962 613
1732 1550
1301 1396
258 1730
879 1546
1153 67
1233 380
971 1781
1424 73
1649 465
1276 384
519 1827
1964 1746
1867 1800
459 363
1027 784
1557 287
1571 1904
650 378
1789 752
1283 1599
1390 328
930 1033
1183 1707
1503 362
153 1127
1302 923
189 200
352 901
912 731
1818 303
938 1940
262 1439
1328 1311
1054 1771
1883 1876
1139 1573
1763 1009
975 1715
1962 691
1019 1626
577 1012
233 538
1360 1547
606 677
1087 1369
770 1350
642 1578
91 8
636 144
745 787
599 940
384 1865
1204 6
601 1675
549 1309
1354 110
1935 938
490 108
108 99
1773 609
740 436
326 362
1634 601
65 345
599 1915
442 1617
1692 333
186 373
1643 555
948 810
118 23
487 1733
747 1170
990 1884
276 1163
612 1687
825 122
94 194
1170 612
1967 1409
1885 515
1205 719
1960 745
353 1228
521 275
850 1949
1518 1816
1040 1961
1665 1151
1112 1874
1340 555
345 1162
1970 118
9 464
1649 1369
740 156
1585 902
1626 1508
1811 258
847 66
133 1108
1527 451
826 382
368 1016
477 1449
286 1034
826 1512
128 523
1807 1071
1766 1977
556 1174
1549 1762
775 510
145 368
232 821
665 622
10 536
1060 113
1085 1725
1253 452
625 106
168 1393
239 407
766 274
555 1583
935 931
780 1016
926 4
79 740
1146 1323
531 4
1570 21
693 743
1927 1855
412 597
657 615
1349 1969
1999 238
1557 1044
1964 1080
536 158
1379 1344
1897 24
1472 144
1963 95
1232 286
1449 828
555 147
1549 957
365 1144
213 1945
31 1388
1916 1193
450 1881
60 1729
1284 1767
1345 479
455 1837
1645 384
284 1218
1755 148
1482 1503
1003 1370
343 100
1817 1320
383 1426
582 1950
469 6
1714 797
1090 1583
1570 1539
799 1030
1657 899
774 249
982 1657
180 273
1257 762
301 655
1726 1180
150 1619
1165 1150
1619 1556
1661 411
1863 405
1075 1749
1782 1622
1790 1097
535 214
617 356
1491 1331
1565 1137
376 1979
1072 1772
1523 1412
1665 1763
387 1034
1475 1398
1946 1841
1303 1836
1424 1953
614 666
1112 1902
1213 1024
1779 281
911 799
181 106
1755 1324
862 881
1621 117
841 668
1311 1888
1902 111
1686 917
111 1964
1022 1484
1947 1347
1960 1595
631 1121
1610 1010
1394 1270
1481 1969
574 347
1307 1762
868 389
1915 951
478 1318
643 791
1789 1063
313 1499
1744 815
947 1779
1634 1846
1339 119
283 1034
1184 820
1914 1084
1382 1591
222 1530
490 1256
1040 1296
1564 702
1785 1325
994 267
7 1080
1945 1448
382 1130
1242 1185
380 1949
1922 1417
206 1198
1132 504
1958 1989
1326 925
59 1332
543 1234
1876 18
1044 712
200 524
1460 1423
1173 41
1589 1588
446 300
1 398
1959 287
1601 790
898 205
558 877
1888 544
717 287
229 620
564 28
217 397
1101 1921
949 197
22 141
812 1847
1833 757
560 1011
733 1309
1125 692
512 1868
1557 937
1596 997
1737 503
1932 1008
773 1977
1137 881
1874 372
464 777
670 1560
337 1402
1540 1226
1407 1778
611 1680
254 1580
328 629
275 569
1737 1320
244 499
1354 26
1538 372
1020 689
81 1886
1920 1505
1401 1000
1242 757
1593 1357
935 275
965 157
261 319
221 1221
284 1010
1667 1212
1084 1393
1811 1867
139 1342
408 1242
1909 418
968 1210
1153 701
1159 791
272 754
493 1047
1027 546
240 1555
1630 1682
705 1910
88 289
1964 888
1988 186
1835 1431
628 368
1396 137
1308 1158
1279 116
1055 1502
1508 831
827 201
1221 1843
1331 923
923 370
861 897
413 1803
918 1443
1147 1517
583 227
305 1589
997 1702
85 1991
697 1343
1665 1124
1439 952
1417 1836
7 1146
146 718
264 1586
1354 840
1238 1473
304 220
1747 1924
1678 350
325 246
265 1800
749 475
1070 730
1362 1640
1952 1349
1278 131
1837 1425
337 25
1523 256
1556 980
756 990
1309 702
647 1185
1503 428
1358 950
1585 555
1719 1176
1354 1266
406 449
1567 775
544 1240
1562 1761
1540 1903
87 1208
436 1353
954 424
1789 1093
1410 1871
1020 444
551 1994
1853 881
738 1677
1609 1227
1398 1975
1566 1501
388 1262
1258 606
1696 1582
1053 1536
1522 1167
506 634
502 947
1064 310
734 534
176 1530
666 499
1047 1024
1978 1071
1021 956
235 677
323 845
248 1381
263 45
1448 711
658 497
459 1190
1 1558
455 619
1830 1254
132 673
911 723
1373 964
264 993
1100 482
958 1550
636 155
1890 221
1490 193
641 820
1501 28
1519 1980
642 534
816 1187
1917 902
194 912
659 978
202 856
810 85
1060 802
1415 40
891 729
677 6
182 1415
1696 848
1261 668
971 289
1755 181
783 1876
927 1116
25 1299
697 1267
638 1390
1337 1111
1510 619
1272 839
545 1380
1270 1351
350 932
1248 516
159 147
985 1942
793 132
894 1348
278 527
1645 109
200 875
227 1954
682 1597
1835 334
750 1415
1995 1821
647 647
967 626
1829 1460
851 181
172 1030
1309 483
1018 1279
838 1428
1919 1998
643 944
1660 1213
1965 1371
1586 1119
520 554
729 617
880 78
1888 1578
196 1986
626 607
647 896
1564 772
11 1897
1745 265
516 655
1464 856
1652 1345
1344 1524
132 765
110 178
613 368
1120 1993
1148 1861
1783 208
887 1894
309 283
1504 1555
1998 1592
836 1075
1589 1745
1938 62
1345 1198
466 784
1 1084
1556 958
497 854
563 1609
514 332
1318 141
216 1464
1965 252
1568 439
301 745
974 298
1440 1671
1591 1768
1119 176
188 778
289 1718
343 786
683 1706
1495 321
1816 1993
991 847
945 1899
65 442
1120 1101
1098 1081
23 1068
261 861
594 85
1210 734
199 64
207 126
590 1824
808 620
1732 1673
532 886
1261 1373
622 207
1511 232
1605 1578
1766 1497
1475 1209
1188 1495
1738 1730
531 521
788 1715
1942 732
1949 13
1225 392
951 338
524 1471
1245 1870
1255 1715
1457 1374
1900 1806
951 779
1390 1841
614 1577
1220 67
1259 707
212 1322
302 142
919 1147
1751 1636
1822 786
588 31
1837 18
876 1148
1054 181
1491 1574
1321 1109
99 1857
1010 817
1576 698
1649 1823
1317 789
14 6
1228 1080
341 177
1990 1140
1314 1520
1779 1263
1102 114
509 1440
42 1015
1835 1071
1268 1378
943 131
904 969
533 1498
1516 1003
2000 1250
1011 827
307 692
1990 992
1602 710
1320 1216
1428 704
770 1625
768 1137
990 1144
1961 994
214 23
336 654
1052 857
1915 900
1940 661
1555 1831
1201 308
1719 641
758 1625
623 135
1774 937
851 1843
1075 130
144 1917
538 801
856 619
1737 28
35 1786
1365 1703
841 467
58 395
1493 964
1059 1517
1944 1913
1563 1173
1137 14
662 262
967 1812
555 277
295 686
660 134
1466 1862
176 884
530 845
1023 1765
691 811
348 188
273 1883
282 1237
1885 1933
1240 1674
407 892
480 999
1096 1435
1389 1958
140 203
662 209
1130 1030
1941 1170
679 509
1560 1112
1634 697
397 1302
1951 522
1012 551
1803 1767
317 236
111 1187
1590 1299
624 1129
1568 1148
1364 496
927 295
89 394
457 272
1095 36
392 1691
929 648
744 335
1156 689
1032 1314
1703 1694
1136 795
507 1445
196 712
1685 1788
1898 893
305 2000
1061 164
703 384
369 1515
1075 856
1134 1727
808 1515
645 965
1471 1555
1909 164
240 1005
531 1519
1564 77
1756 1119
1426 448
490 1599
445 249
293 217
387 94
1050 273
341 1490
1875 522
857 1302
1138 21
1444 548
1798 1163
1058 212
377 1892
1874 135
320 1845
983 326
153 984
1742 403
1958 696
828 1530
1656 251
331 487
1871 1046
1501 1122
665 570
1409 579
560 431
1407 1336
228 1447
1300 1259
734 954
1280 370
465 1561
631 66
237 1828
1889 321
573 1054
1547 1174
316 1070
1806 131
1304 1628
1487 823
1674 1096
1498 1051
1117 1067
220 773
1450 375
95 699
761 683
1801 769
1524 1352
458 1854
751 1640
1497 112
1595 503
694 1283
746 927
558 98
1725 1963
1388 1309
867 1241
689 81
1806 900
1678 276
489 1154
1980 330
641 1780
1838 1296
257 107
557 1758
1859 1011
544 1506
1263 63
1210 1912
1160 881
1289 1456
1766 1345
1358 1841
1357 1703
383 682
526 788
1689 1897
1796 103
336 399
1546 551
434 1571
54 530
669 1827
493 911
786 739
1923 47
92 1403
1930 1257
283 1408
1067 1499
261 1421
1337 923
1368 1781
651 1013
433 965
1014 1746
1357 183
1569 1146
103 456
824 298
1396 498
304 1530
293 607
737 1479
317 663
659 1315
809 961
422 1700
285 456
196 1004
947 1280
245 688
1122 469
1155 627
264 1695
1759 1692
1285 1457
39 360
102 683
562 768
1821 1159
113 1663
954 1533
131 1082
985 1997
1601 1367
270 1700
1407 669
780 1418
366 1722
1099 1091
656 1401
1267 1177
856 1662
1276 1985
31 1014
1774 1241
1292 363
1279 1177
1904 1839
1264 1154
1583 1100
761 654
1290 558
1677 1272
922 330
1253 335
285 1886
1076 1736
1500 1929
1943 1833
1175 1031
320 915
1550 329
873 912
503 1587
1478 1730
1624 1670
812 1851
78 656
765 494
536 1343
368 1837
918 618
1117 1359
1714 1871
1742 662
1595 192
797 1715
1784 922
1672 826
1867 999
1227 1424
1999 797
1046 58
1741 873
1345 1208
1557 1633
263 1562
201 576
427 1730
527 921
1678 449
910 1657
1205 385
439 1911
231 513
1468 1182
1957 1141
1537 1419
1760 1133
292 1432
129 1463
1246 313
1139 1382
515 1169
731 814
1689 726
910 997
403 1641
1322 672
1719 1122
987 924
297 218
1743 1243
1303 311
1217 703
1004 1340
1706 1408
1491 1643
354 200
1929 1121
942 336
1951 766
758 1620
969 1700
325 1631
1327 755
985 1896
1165 1453
1226 37
1065 1243
854 21
863 1853
1169 1360
241 233
442 248
296 1768
1685 922
626 1753
1500 43
668 659
852 856
1023 609
1467 1439
1537 673
1223 1877
939 699
526 127
1899 93
24 1695
257 245
1866 1849
446 1210
892 264
1221 1520
1493 35
1795 283
1188 1163
242 477
137 548
1639 1898
131 1543
514 442
1704 750
267 208
405 1533
1993 1104
19 1456
809 1808
1787 384
1356 708
743 557
1816 1649
760 1020
1135 201
225 389
998 244
1362 1480
301 892
823 1838
950 397
338 627
446 1777
687 1407
626 441
362 494
463 373
589 1716
288 1139
541 876
595 961
278 221
1615 1191
1801 1318
1425 1191
564 996
739 547
172 425
807 1967
1914 821
1956 1844
223 499
1354 482
1686 1311
1334 1010
1006 548
1955 964
1567 29
274 1742
1103 531
171 1996
1987 612
725 121
912 1393
214 1007
1899 115
1345 1813
439 582
210 764
1673 963
1191 156
809 506
718 1310
1789 1591
1157 1608
1403 657
1404 311
1192 1191
325 1505
1085 89
827 1090
741 1494
596 1710
1545 540
1499 1817
1925 487
1239 141
1282 1121
110 333
1903 1628
509 161
1875 85
1898 332
291 1764
1249 1321
1332 831
237 1442
725 1897
486 74
564 1375
221 1800
839 379
1487 1743
1780 753
852 800
1892 169
959 1889
1271 295
856 111
1000 1033
106 1520
748 1267
1441 1381
846 910
175 1495
406 700
927 1059
789 1339
494 1323
1352 69
953 582
238 1556
14 1774
3 145
1861 172
1637 274
1689 1022
396 1938
306 434
299 1097
1238 865
933 1295
1298 1346
320 415
521 461
1803 1783
347 942
1640 1162
1019 1848
1657 891
1478 457
1557 67
289 981
218 104
653 1888
974 993
1270 1418
1860 1857
207 1854
1848 1348
253 1108
1488 451
606 1361
1626 480
1732 1860
574 1891
18 526
1330 1137
620 1069
87 977
739 142
1555 1877
584 538
101 1975
530 1241
10 502
988 662
1234 1904
10 251
1482 1635
1420 31
584 1021
901 225
586 1268
1806 38
937 1525
1724 913
894 428
1580 1536
61 1518
1306 1237
1700 574
1853 573
358 292
294 1375
1133 1766
1974 1717
697 132
1744 674
1013 2000
1126 1282
525 1078
1058 1379
985 1143
1862 1622
1703 1664
63 1374
221 528
467 1837
850 1307
572 277
347 849
264 1431
686 1670
1124 1522
918 609
204 68
942 1435
930 1088
328 303
356 1243
849 1571
910 1436
892 121
637 752
890 1528
367 1700
88 773
19 1020
722 1498
1184 1973
1838 1866
122 367
1913 1923
452 381
1109 756
1981 1050
1555 567
359 477
320 1883
96 238
1556 1620
1798 1894
1980 579
73 46
213 1361
1106 540
1042 1377
109 1867
1584 1008
1834 1854
1578 393
539 371
1211 147
1158 404
379 363
306 1692
1535 1649
571 742
1406 1423
443 175
11 1322
1086 529
315 595
597 880
746 810
169 124
1416 1529
1511 301
17 1332
46 1659
612 1444
1048 660
544 1406
1172 1218
503 135
615 1645
1980 1612
185 101
1830 104
624 411
1261 1807
556 829
186 245
361 1176
657 679
1609 1570
1055 1540
42 772
1311 159
410 24
1239 766
1344 1229
1445 1856
438 120
1133 1668
712 404
736 250
433 421
1727 434
1344 694
248 1526
299 160
726 1407
1930 1408
81 1366
683 1545
964 1704
90 746
543 1854
5 1373
1793 1471
1232 775
934 1818
123 672
1004 1410
150 1265
536 1184
427 835
1313 1933
246 1541
930 77
414 1088
175 1533
1210 737
1564 184
1357 1964
954 939
78 864
1923 1744
630 1810
678 1112
593 1641
1704 673
756 1434
631 797
1029 1832
1847 429
613 937
173 94
538 1934
1631 210
1067 1334
1007 391
1448 982
1172 1545
1195 737
1354 1592
1512 1109
652 200
490 1347
180 1496
1914 652
1518 510
1251 1278
948 54
1542 856
815 1719
336 1220
319 1870
616 1203
537 41
136 1071
1556 1759
1480 671
1384 294
248 1708
120 280
1175 1078
185 730
847 1209
1171 1453
174 334
1483 1828
380 836
1889 770
1473 1566
1542 907
1315 962
234 918
534 898
1774 632
730 486
813 984
544 1089
1932 1281
497 440
520 1548
239 1129
1521 394
366 415
1108 1326
1460 1483
734 509
1097 1027
1290 1956
743 589
1533 1050
180 1656
1006 251
435 291
1491 71
1112 122
726 1363
1847 1175
418 1300
304 1422
1265 1056
1219 713
1643 1146
164 527
1781 533
895 1704
1664 1617
850 954
799 1501
1647 362
984 1364
110 338
1708 1792
543 1652
734 1050
1199 743
887 1680
685 1067
1801 134
1734 1915
249 340
1368 838
83 177
1347 615
1889 1937
125 105
1059 1017
1612 1848
135 1449
1163 1652
1717 622
1805 706
843 469
138 1335
1899 153
127 1924
1030 1169
706 305
1285 1580
884 689
1751 966
879 1103
106 455
796 385
1199 58
1051 1118
1315 1135
1617 392
124 1081
1216 329
782 25
38 1545
433 533
687 1708
1625 1801
868 78
293 1811
1233 1574
1094 166
1064 1692
344 299
1336 354
920 647
749 1907
946 1946
1274 134
50 1430
1520 1473
1320 295
241 288
1481 814
286 280
554 1268
1246 1653
417 507
1835 801
664 418
900 1776
294 424
1976 1235
1363 1458
1165 1732
768 318
773 371
291 1869
1245 371
1393 1530
1948 1933
1140 1778
1884 1340
362 433
684 1117
103 1956
238 27
1503 1617
1690 155
304 1671
740 716
1154 971
1679 169
299 857
1704 840
213 831
370 852
1458 540
926 1901
1718 49
169 1589
1329 495
1927 1123
235 158
814 1517
1597 1949
526 1411
1154 136
523 1488
914 1783
1532 1607
553 379
68 468
941 1919
1874 1827
1106 1496
284 1100
1037 1156
1189 1340
728 1315
331 1892
800 1682
1007 304
20 498
1264 1343
360 1010
1607 1359
1801 1496
1715 1983
537 45
1479 222
1436 1095
914 1293
351 1317
1502 1665
1818 1860
808 825
1209 142
1578 1106
587 1457
1382 303
1097 813
293 1310
1948 39
1126 1579
486 719
1960 562
1953 1129
296 1036
705 916
269 1317
1343 244
538 651
283 1944
1196 1433
538 400
1457 348
178 1000
814 1757
314 384
1149 693
936 544
878 107
714 854
1853 1028
1848 229
525 511
996 1248
1083 1372
552 577
1940 1101
1635 53
346 1377
342 88
1674 1619
1465 1302
1244 1865
1732 1528
91 1600
611 1224
349 642
1341 623
510 1444
1965 633
952 87
1392 621
1434 260
282 564
1603 1746
1345 788
283 114
152 984
471 1935
1973 1614
1971 181
1556 1703
1512 219
867 348
257 1944
108 1772
1311 862
233 1886
148 933
376 1251
502 1624
211 33
595 273
1534 1266
501 87
1126 1834
859 570
1184 1946
1945 852
797 1484
1762 1264
687 1833
1424 185
1413 431
521 700
1020 706
893 529
713 1134
1041 1800
1229 1219
481 1272
191 539
227 945
673 13
717 785
1822 1049
1634 654
1389 42
1483 596
1424 1865
396 1777
1649 381
127 1812
830 1546
550 1737
502 1352
1361 1872
1981 147
1685 1016
839 351
271 770
566 88
1390 56
1622 849
1402 1941
1853 1237
1896 1096
445 956
338 185
1679 736
1751 989
1339 370
1760 950
1953 802
280 1426
853 979
194 1054
1473 326
816 1979
1248 1814
1466 211
1483 1528
1257 680
860 1823
1906 1791
1958 1224
83 1523
10 1175
1727 636
1025 233
270 312
802 391
335 1153
1632 807
1315 309
592 294
1339 447
494 1027
1610 1720
854 1122
821 227
493 993
494 1665
1032 1421
292 889
1522 1643
962 63
1083 1765
205 896
1379 1356
1940 23
1957 1692
571 706
1027 806
1299 1488
1303 1701
1374 1173
543 571
911 1658
590 486
789 445
1711 1807
32 1081
1445 1607
1887 156
1358 560
1778 1579
334 1542
414 426
1516 1413
1518 1984
81 258
317 1305
535 1253
1093 904
1395 654
1357 195
1487 977
390 1339
1510 597
1973 938
1275 37
182 1315
789 56
1038 868
407 1098
693 1458
1364 872
965 757
457 1669
742 1962
1395 1708
1971 1700
1284 788
665 1231
1366 272
542 1907
1781 1760
1039 1944
154 1248
105 649
937 471
364 1655
1774 1284
55 1416
881 655
1530 1130
407 322
785 1634
1232 545
340 680
421 577
568 205
1804 773
1989 22
1669 773
1 325
620 1790
1385 1194
1393 1037
1536 1150
803 1607
1224 771
1899 586
292 41
1428 1094
102 1320
162 919
794 1002
1057 1123
1141 1068
914 44
730 434
676 595
347 908
645 1983
860 1668
243 145
418 717
1563 717
1584 1002
168 315
1293 1716
476 346
1599 175
897 1361
677 704
1634 35
1527 1704
1884 827
1733 826
24 1053
1789 1380
724 1908
166 637
887 636
974 1404
1746 1023
846 718
1724 1267
1243 1656
327 1032
732 1315
807 430
611 586
217 1730
876 1625
908 520
473 703
517 129
1805 1942
1222 574
1517 188
1368 1398
567 1949
1030 1897
1233 1461
1742 423
86 315
1664 1160
481 175
907 11
1314 444
1217 1657
1233 1614
838 1363
1535 669
1665 384
1397 1113
1955 550
473 272
1957 250
176 534
