79101007
887079978
189124001
400049688
284
43253539
818072051
53354038
9042495
272009043
500270860
700462128
335009411
350090556
872000107
46209971
707883989
53354276
271083550
900288054
2682651
818832941
27070294
70720415
513017327
230170729
271033998
200904807
27104651
347046254
900272592
707200944
98205074
400900052
180762171
400900134
53336183
90041406
9021894
702788398
500900051
309556853
490041075
640236766
453350438
27070296
2708185
34700756
707200516
362400334
872053360
350278817
700904807
9672886
90464568
5190347
50047450
4620271
500293832
735027386
204620076
502710335
90027179
3888818
70818832
72007555
9844618
271039715
27103905
9441358
8072
23676690
533364483
807200010
862053322
435000438
402708187
14027621
905549981
302640268
326707020
900496827
207072070
720462189
27103392
27081883
720001492
820004788
204620342
7431865
72009073
46207484
922855709
5241007
14963977
27881115
90480790
72009006
700272584
1613029
940533637
5090046
335424767
620090911
7822453
402707029
81883294
900522
70728542
370504984
270722416
72049228
27103368
720507854
533540355
79977357
702886377
90005163
200791056
4620121
509001485
707997735
11508
278839902
462078919
887103970
93694661
640272541
453350496
71083550
333504665
47090404
262708187
27072230
205336378
882009048
90432535
75640709
378194
970049633
200755583
26402707
90426309
432535392
409004710
46207484
53336184
944978702
812640051
71031697
46207484
270702924
720051694
90788647
50271016
53354031
720743186
90074331
270702940
49004108
72204952
743095595
818078901
26402746
533542518
49250578
9042630
700533601
2725921
462074
3885
632049639
27103161
200905166
710403922
470075553
335026882
903470423
4620997
707200750
4922557
90053743
200047606
533364489
52799778
720090464
46207474
900462098
350270856
264053382
17285421
430955131
90027005
533364489
350278333
53872584
270818739
90049671
970720002
640271033
90027118
9001347
27081850
49225527
272053360
533504620
27021
233010034
200047438
75522941
672005175
53354031
205335425
350002938
354228473
533540380
945349
17205258
188707223
522940743
42638086
904263801
872007503
720743187
9042668
335403859
72204872
23855084
470090558
180720755
50090911
46207492
151994
763200029
2707252
42581034
905173
350270851
350090425
708400330
233010034
90014854
507433533
722049528
470004713
700533924
9000516
310264076
262732
720075088
39504807
402707997
264053361
50702801
400900386
409002886
200047453
9091178
435000438
500750336
49686120
90480793
823076233
70768308
204963977
100900386
53363710
400900534
335005169
500907880
1970014
59354276
4803
79977357
670288637
7492717
115002768
42638010
350094497
553045392
855570010
347000240
27081844
2952762
72886377
930172805
502725871
271033994
17200908
410005064
2710308
670271040
90432535
740002743
14027623
856702700
514007555
276233699
9042632
33872688
2762335
333618336
2707253
1533525
28863770
923354681
504620791
900270072
720075007
264963944
81883211
71083550
700904816
640533924
354228473
5476232
462078916
148527890
270818445
470090038
205336316
270707
720090438
409079105
900533540
547400024
28863060
401720540
508200049
743095568
658076217
72009091
710397157
200027405
9042630
53336181
79101008
434100810
9042634
633500755
492505783
95568503
300426309
350090916
270702947
74309559
46209112
90480738
900271083
43253538
4620747
707029471
813470277
309553021
6330314
402710475
264027108
30
245392487
743095511
2762177
500944973
26410352
918072683
400904807
7046200
294009059
533364484
26402762
670799774
649225583
820533806
27623301
227027173
720410352
335041022
707103973
2710431
421981088
361888800
723072680
333546832
158078883
335027256
17200900
720051691
9048073
556853028
722049523
200909168
409004383
904263242
71040392
276233010
720094413
27103970
67053392
5335403
200027681
944900840
769465
172005164
903470287
272886377
462013965
743186548
9048073
332672367
55380177
71040392
680722049
694023676
18090
264000143
90027074
533361833
710403922
846183
350268892
720462092
502367669
720090424
90480748
409002746
361888848
410280
881633631
294007558
620009005
9872549
720492505
507857165
707029474
293766
190900706
43293571
757050724
816339550
904266510
495090480
90426657
933010437
200904219
462013965
90421986
90027259
27070206
27103393
335041033
694009006
533631
326720702
65027683
900270856
90788648
309553043
176217153
23676692
46202730
533502738
90033033
46209971
533542220
672054742
9042666
9042663
2682654
29551
400904263
872009003
801460
557094413
336181818
27621474
492255877
962053386
172005943
640533955
402270293
858870799
229400049
49225521
890264009
2710475
533364489
502707981
5336375
200904261
172007503
9005339
172007558
72046209
90426638
708188325
381807103
405333618
350001174
27883990
27070292
500272549
240905160
68578
740002708
743095513
2708603
270818944
533361812
90027259
270799776
904325355
347081960
45363
41036487
862725649
720743127
494009001
640270722
720490700
912409004
350059479
90432708
904219872
270818739
350278901
267200029
430956658
430956658
400047438
9043270
271033994
633350051
150904258
64963388
870900547
462078916
50027072
8372074
72009035
233010034
350288637
807200515
409002886
207076232
961500590
333618888
205332293
720090788
833692501
400791013
95568530
800410225
72204952
270702925
500791057
333644834
400029376
23676289
333618186
941000546
213470002
90426615
270818832
5807253
2295227
180720001
872046254
705078571
333618101
94620347
2710339
362403
872046254
463624006
234090028
301720506
271039719
108272541
334700750
301720002
762330100
52730
336448381
743095652
200014854
709042638
205336378
615090480
270702928
42636427
830074
640271015
90027888
470276214
743095538
79998
27070292
207072046
3624835
872682651
140270862
9042124
590347041
46207891
200090750
72009441
90426657
18888005
335403550
496338
200904325
533364
820496865
841000533
90027886
547489
49225569
720001484
720507857
354228407
632009031
90005208
517202661
887090590
333644846
190807207
40005167
330330059
904263801
630140271
500276217
388180789
520002367
74309558
314490062
27104031
9042633
9000520
350410225
670272589
94333616
320534928
9091178
407433164
543253539
333644834
56940525
43507854
900533525
90027155
970904261
335403859
818832983
14009447
48224
90425810
229400050
240900765
590720534
26407608
350075582
200904266
533540355
46212379
340907558
388720059
723078901
70720008
907886429
702707020
49225580
27081887
504620273
36483
90517364
172053494
176238355
82715079
872009411
529207076
70720438
81883294
570074312
27070274
509004142
500907871
90053396
42198108
200944135
702707254
709048079
88300260
402708189
86720549
53354276
270722469
204620742
818072046
691883219
270818513
264027259
90426307
720004713
145276238
83369462
204620973
30172592
633017489
61403
762330100
32
335403859
707204625
450276839
840900752
872000148
580670094
240900438
46207484
1326207
326728051
933507651
640227086
700900388
276233661
9423
502710390
720051736
527070274
462074748
268265
904645648
90027227
205335403
43253538
300900506
632000471
7027070
897078831
200904240
27070217
498126415
870900840
7910138
700271039
807200045
707997735
5335911
2886377
799707200
5336374
205340656
204103648
204620170
90014929
502682651
229402740
333504657
502708189
907882516
90047438
172049688
70292561
200511323
694027101
5169182
333500029
400424037
502762100
270818445
49225580
42666851
533955
5335919
700270072
707997732
208079977
46212376
904263801
150049756
537444
430955131
27070296
904645648
435027130
546832
9124329
5333618
90053079
74702157
970840002
110051728
46209971
53354038
904219872
270702717
2708187
27103906
870905175
870264967
293835
27081965
48079332
708188325
335009042
900474508
264027005
900270802
90788647
922556984
83400
335000280
6720757
572372070
263642730
9042667
470276210
271039705
293350492
19709035
500900414
363350494
336181818
27050434
500028863
46202734
912409001
32788837
72053494
720090463
178700051
286204687
200904328
200909117
920002710
90054742
335027681
640270725
53336489
204620139
2938377
17288637
9003303
49686120
172046202
818072367
473354035
827103169
720002938
689124074
46202730
720534928
354228471
940743353
9003303
530905166
185240786
205078578
2762383
743095513
388707220
27103161
526496397
240900240
502710835
74309566
27081960
659620560
6410226
335403859
80725937
267204661
305938874
46209116
509091178
533507430
271040044
26496827
500014854
270818944
301720547
504620911
570900052
694053361
94413588
702640268
723354075
350271016
53354228
57941033
9002683
955685030
90027085
527072592
388710437
418870707
970053397
533502623
70802911
83603
500533597
17623835
270702954
90053406
904258106
720462091
347053399
170818878
90464564
758180292
46212379
26400511
515004743
462027349
821207476
720533601
530453955
2788397
720090421
997072367
9043293
709008
27032738
833502710
940090002
907558224
204620342
90005202
72007910
270818445
9042666
335070701
720410226
593887402
21000288
46201703
72053381
409005336
350496338
472053392
691807252
70546836
270722040
205333616
707220499
49225527
86205407
397103970
720094497
900533525
933509
709002620
757009091
46201396
784090512
37084645
2703270
2708090
57363374
9363801
26492259
900293837
270799773
720533637
90788251
350270808
867285421
27621429
72204956
4266683
212409004
90426307
782707981
27621715
350743356
72682654
402270206
779970217
4621237
900276232
340900285
174000148
27623366
542287048
190426383
7840230
887200084
720001661
492255263
9042433
130005167
662407880
240554998
14009083
4298273
818832946
27081894
49686120
688276233
46202730
720533619
500029376
90426653
720531117
9072886
271033998
354038566
800533364
533542518
1265
743095538
769405337
20702744
904263801
710397157
90046546
27883950
68134704
667632693
338720005
335468329
500904240
27070292
3400029
694028051
900507854
335028055
27072230
180720707
267104039
720090432
335424762
74309565
90464564
270819608
474000752
632053361
49633840
67799729
708409084
490050728
633350468
904219872
743095665
25936374
3952724
46209151
400516918
2703270
140270802
264027118
347027683
900278858
335005162
872046200
407433533
362409081
150043854
940227073
747200025
14026956
807623361
720090005
897081887
233017402
2707252
533542284
27103399
700944135
5522984
27081966
17205496
834027623
71039733
264026882
640090404
347000259
708400134
904258106
163621
172053363
53725381
720462189
87200024
17200903
720094413
672043833
723703283
520004108
570059479
402710833
449004983
805129
720546836
400944972
172009411
271039712
90464564
90432708
474000271
90027154
462092
502707982
470496827
970027885
91168
533364483
38659620
27104379
720547481
27881115
9055499
26402783
72049633
96270856
55094
720533637
72204956
53336184
294620744
720462098
474300
4263801
672043833
820533229
27072246
294027470
335027259
294620988
676320466
53354228
963200908
70294751
649225526
350270802
523426361
59081887
694027227
887204975
807104031
666240005
140090425
202640525
4620789
971
40172683
722049523
900533541
76328053
74318654
335009073
201405078
570944139
94413588
208072598
200511323
871040392
9042666
90027103
77205407
891266510
900276232
350462157
820079105
46209152
46209150
4605041
350276839
205333644
687090023
38943
200904237
204922552
720264975
304533076
470090438
449042665
940075007
533631682
922556984
70720097
533500941
952728924
470496338
20140004
705372538
702886306
533500511
333507867
670819660
7430955
354228704
471039719
700533637
470492500
5333644
4621828
9005307
3688200
705336374
350090038
57004385
840900546
90432708
720492501
72009031
27080291
807104038
51005172
289707623
27103392
930170814
500271043
720090314
270818508
17205098
897252
27070295
90027109
334702892
200049671
720533637
347023677
17200029
202640262
90789
847285
49225587
335403550
723426307
4745143
542284079
920708188
150824
502708183
400900415
200904263
200046215
872000403
40172075
421981088
205078578
163334061
709078805
495090487
46203476
270818942
5336374
271033222
480332
270866960
462013965
90043854
49633840
150043833
27103360
820051728
163359193
149837
720410758
710339943
64027227
79101004
702710300
83720497
492255263
14026836
170818838
735078578
922556984
510172042
23350004
27103322
204621237
330172688
293840
700904240
9078805
90432535
529400941
9042638
27079977
264053395
818832983
49225589
502886306
1933743
564027074
502762335
405468329
560433291
43500015
500900414
615004075
1190002
533542518
27621423
940075033
309553021
707205307
743095546
944900534
270702934
74309552
9078864
435046218
82009031
720492229
533500023
938870802
229400907
788398
276238
709005374
200755583
442409007
940271016
293832
204789
900533602
818070292
500904816
72000280
270722040
504620749
720005053
90049225
138872000
640533631
982000478
533361888
9043270
271039704
27623304
904219872
4922591
818832983
94652598
720090404
689410075
940075084
90041406
119090511
700047430
205078571
507857165
708184470
197007658
176217153
9046456
354228475
490023673
90432708
90426638
9051728
40002710
63361818
5490042
450270729
27070271
6500058
400076511
533364489
670090730
13042663
11000271
272049250
38672688
640276214
872005162
122245919
200053359
2270292
200900051
533542476
27070274
333500014
350270722
149837
52940757
472005173
547400905
4620342
672053336
15000900
350004767
336188883
240900142
90791013
4620749
27103973
900407068
920051728
335076517
502708022
6649671
81883219
350743187
50757
207431865
86940531
104017285
188329864
53336189
79101007
9042661
489400594
640533364
620789249
271039715
74309551
27103971
51496394
335027070
833502686
872076085
204620749
500755583
500047438
264050733
90480790
4621823
720090005
938678812
272009000
46456482
270818832
90033033
81800148
90464564
74309555
257053748
462013965
47080291
800462091
23676289
909002732
707103906
4922552
872053352
2250075
900271039
570027892
67788399
551720075
4745022
862076085
694027881
672041075
90426657
2707224
570525
333618120
4017070
9042663
9042124
72050724
335427650
41966
907886
834000590
409007431
333644847
42638010
807883950
590347527
333618438
509042630
450743356
720537481
492505789
66402725
502708091
94413983
42638010
400904329
301707027
46207492
78825165
872682651
564027683
117200023
314490049
9078825
9000516
566240039
350270851
333500014
350004743
4276839
707204967
533542765
900410225
930170320
90426651
78825165
620462017
49225525
30140002
640278812
27072241
2725871
8952769
4263808
720075582
27104371
9004234
195337481
686940002
474500904
672000430
400904266
587050707
53354038
204620791
400904645
640090423
3570040
640270799
818070274
264050724
3709449
27081873
227072000
9004142
900278814
335424762
9042667
327103973
202640276
4263642
672041033
405335235
271039713
533364489
940276217
42638010
74318654
933502748
681347043
229405335
23708187
72000140
90426361
36243
818072046
720051724
49435046
90027101
293840
900492255
81883298
694053380
900743186
484100041
200904263
126707205
807254930
17079977
79101007
409001405
81883219
401783
640094475
2710479
904263098
400516918
709005339
507433533
615005258
350075088
904219872
270818508
900492505
336188884
500040706
294074307
72053352
90480792
720465797
200904266
27104379
720533911
904325353
79101009
350270856
35009031
502762171
462013965
90053395
707207608
172050785
286204102
900271035
950027625
26400029
720410266
342638010
402788547
270702940
263642730
799708090
504963384
100049070
720079101
533631682
200040706
837081904
918072246
340178817
27103322
17072204
27070271
904266510
810090480
904266150
900534065
661500533
180720765
27081844
188720546
81883294
7925
8818
900490700
3952297
352342667
705046203
502762383
271035
409005253
90432537
126496338
27081960
370504231
57027833
502708183
95568503
271033222
347050728
462013965
28863770
564027888
90053386
27072230
84735041
449787023
530172683
9004142
707997762
94053352
7228407
240900494
267200759
2762336
350270860
818002886
333618333
70720004
720537444
46209150
707220495
150049255
4743009
709405343
2788111
49633840
72046259
50262319
3380314
204620743
278839833
58655
9670799
900259
50270808
26205345
708409001
320462017
672367669
46207486
34702680
970023696
200904645
463335258
84702157
74309554
533361810
361888800
904263098
301707253
90005167
46203476
53354251
90026882
492255263
271040392
23017005
502707253
335078571
707236766
672009003
42638086
72000117
333618884
102
79303144
90053360
150027892
452640094
336181092
467041075
715004710
872005943
46209151
200904645
720533591
424533111
82054681
640274
7910138
707623831
944978702
500750332
90027005
240900280
90041075
462074741
41000451
502707220
42581034
407433064
350090787
354228475
46207449
720533919
982074312
474502
405336316
720492505
333618188
340004070
27072246
640051736
46209976
800293840
333618186
4940280
757000522
2762147
462013965
7910138
350094413
204963384
330170807
550905123
409002745
200909110
500944972
45834070
70027086
633267892
400014904
707029475
940090005
35082053
940743092
90432708
204620789
22707256
900293835
27081904
720090042
720004745
705000149
27881115
909001484
702788399
500462027
188329460
400904237
72005175
90426653
9004654
381633340
82000438
840900276
347041076
716332171
689449
3293571
400029383
56705349
425
350075033
462013
9042632
627108355
354228706
907886429
90432535
900533911
2102128
230723697
743095538
640272587
605009055
264050728
807997788
27104004
887090042
72009000
350271180
720090480
77
720462128
700791054
533361833
720533291
649225580
590347046
227072053
970047451
270818944
90480748
707027173
72009040
200904219
818832941
200900026
340900271
640090554
5001
14490756
301720509
433602
922556984
500029376
900270808
271033998
200014904
72009006
900507285
350270328
904807933
500750332
720492229
533540383
533618188
688205341
701000764
270818944
26400049
720533952
178883
197090916
717080
271033222
570049222
335043854
335403550
490027256
881633344
27623831
720004743
533540355
90432537
333644846
830459193
180720706
347009083
5333616
970054742
26402886
10827227
79101009
9043253
330094413
702708603
500014052
887205064
9449787
245335009
197007658
4620789
504621282
720462013
533504231
920004743
200904266
7433064
327070293
90047438
410075084
90014986
818005339
801492259
350276232
335422840
446335235
2710356
210005311
9042403
409117
930172046
904263808
492255877
500047438
400027101
34700054
326720059
24670059
90050786
522946215
500904247
640533601
46209150
500944972
27079815
14053405
240900492
405336374
624090014
502710314
407068
450236762
632053359
197002682
333507090
833507854
405336767
943504365
502707029
34053743
555705946
333507854
272598
286272592
350272549
903470269
704963384
933502744
278839892
202649225
462027349
347049250
53336181
402695685
2788111
267268368
793017269
533361849
864502886
49225587
27104379
200904263
766240975
500900026
720462189
19700465
472053386
492505789
350004760
2882651
816336371
940272564
383405307
53359192
533361818
50075007
2762100
900507854
90788641
940090424
409075031
270818944
90005208
200904263
17883950
500944978
405332293
972009031
150053405
270799773
740090005
350272584
837084633
4620121
53380637
4620010
340900140
720462123
180720004
409004103
178839902
997080292
46209151
500047430
5278334
570014929
27103029
