2000 1000000000 2000
352 747
534 747
294 534
1548 534
1051 534
1850 747
574 1850
43 1548
1395 1850
1615 1051
1236 294
1869 43
1039 1051
288 294
299 747
217 1395
1220 1051
622 1850
673 574
1296 288
1331 1296
721 1039
1062 1615
518 721
1276 1296
1806 1276
1731 1869
477 574
461 1051
1703 622
358 1703
1881 1548
1114 534
1929 1850
589 288
1019 1236
1530 352
547 1276
493 1869
980 1296
1352 547
1348 43
1052 1806
1793 1869
805 299
671 493
1573 1806
1877 1114
226 294
1928 1051
620 1793
1676 671
1780 1731
540 1780
1449 1276
566 1850
504 294
1069 1039
1211 1806
1526 1236
178 721
367 358
37 1703
479 43
74 504
1345 518
723 1780
234 1062
61 622
1512 518
1896 504
974 1052
1267 518
1193 574
1951 1929
1511 1548
1522 1296
70 1530
325 540
567 1449
1598 980
1105 1220
1798 673
1975 294
1891 673
484 1267
286 477
659 61
46 1731
977 367
450 1598
1717 1296
107 1798
1148 107
637 1975
45 723
1373 589
1946 518
322 1331
1619 1869
447 566
314 367
1288 671
670 74
724 518
779 1019
41 534
284 226
1227 1676
1942 1798
1675 518
1323 1345
940 1193
119 1373
1733 74
1626 620
1150 1373
166 1877
1218 234
1074 107
881 1929
509 314
1448 1039
1662 322
497 1276
262 980
4 1951
1592 288
1104 1220
78 1615
1097 1218
1787 447
844 547
1280 1039
1995 1573
878 497
1646 107
251 1733
1146 724
999 1806
1608 999
848 78
840 166
1722 1676
1355 840
1324 1951
684 1850
135 107
921 1296
648 1097
1982 1052
1600 299
1387 637
1588 178
1038 1288
1079 1588
36 1806
126 848
1779 504
1461 45
1636 659
260 1619
1654 1193
269 1662
364 1512
28 497
1834 135
861 294
1660 1296
140 620
261 284
627 78
897 1654
867 46
1460 217
934 1522
1013 284
1370 1267
835 921
1262 1193
686 43
1201 1869
1084 217
1696 450
12 805
1107 684
1195 940
1181 1654
1855 43
917 980
137 540
603 166
513 974
116 805
1553 284
376 513
1784 1881
443 1373
952 1869
792 1296
1134 747
214 1052
558 1324
1680 1062
1908 659
839 1134
1161 1195
818 299
1633 1134
380 269
1203 627
1518 1084
359 1348
1589 779
817 1975
1125 509
1386 1787
198 262
181 1881
1963 1798
1955 1051
421 1051
82 70
745 1548
557 805
1711 358
405 1850
139 840
1718 1038
1917 1161
825 166
1720 1711
1096 1134
258 450
481 82
704 1654
516 43
1665 217
927 107
834 540
575 673
1866 980
1284 518
1836 1711
691 603
1429 1718
841 1262
812 447
1508 817
783 286
1764 817
1997 516
1525 622
1292 1589
1788 1150
729 835
1082 691
224 637
1595 1619
1213 1114
711 1227
1529 1711
1873 1518
1812 1161
1316 1834
1490 1869
762 1051
1528 1082
1018 43
1839 358
34 1227
1692 178
1767 181
512 1013
389 1793
1034 1052
60 673
602 1134
1765 724
249 724
1572 1891
1500 126
1152 980
451 724
394 1082
465 1619
1354 1633
1315 1352
718 214
843 465
502 1731
342 1315
1434 574
313 34
741 917
886 342
639 137
1117 119
703 1161
1507 1881
487 1553
1030 881
788 358
852 1720
1086 1589
555 78
1781 1917
7 4
243 825
1021 178
1456 1097
120 691
709 1850
1132 1526
1445 648
970 78
391 60
646 217
408 1507
665 1767
946 1449
564 60
859 1928
507 917
472 447
1898 1660
1474 1316
1531 974
1405 1839
196 313
935 325
951 1896
265 1276
231 788
505 1855
1792 974
1310 1588
1985 1654
1482 540
1162 1296
1 1662
1813 1676
697 294
18 1508
496 1292
1747 408
295 1526
1029 36
1576 198
350 881
612 505
905 364
1515 970
1893 1733
1414 848
369 1779
1945 1908
1901 1600
1810 835
1645 1105
1343 852
1653 741
1447 251
1026 1711
431 1881
1879 673
1560 1195
1772 1213
79 951
1202 817
1298 1218
59 504
590 1529
559 1619
1198 79
47 1146
291 1528
1640 1236
1442 952
1076 82
277 1021
10 405
197 917
1458 1722
1970 1896
388 60
1681 1653
114 1511
687 1692
1287 1942
579 1703
273 818
1190 261
1809 1850
239 1529
1693 1608
206 1812
975 314
633 1434
1154 622
1043 295
413 1531
292 487
1498 197
625 1942
404 1220
1037 646
30 1114
1137 1162
1318 114
1516 79
1778 1982
1988 590
941 1296
22 1354
1669 1588
1454 1526
1317 684
1479 1105
1333 1030
1723 1202
437 534
1814 114
161 1615
264 7
594 1479
955 1323
1804 1082
997 249
1523 817
1382 1262
1892 1458
194 1508
186 12
199 825
1129 729
1311 1530
774 1787
1674 325
48 413
439 114
931 1572
748 61
1920 1097
1469 1680
453 30
1295 472
1402 1213
669 1387
1714 114
1593 980
1936 559
1574 1928
598 1038
1492 509
1726 1052
297 1498
1635 1529
1700 897
1163 1700
1183 1132
1795 1195
961 1615
1243 1804
357 1951
1338 999
1157 1518
1690 1511
422 214
164 1733
632 1434
1605 481
920 1674
143 1873
556 1942
1011 1382
1883 589
1075 721
510 673
957 1163
1606 288
1431 472
345 1711
1184 291
220 224
185 1193
1630 559
1297 574
1289 1518
1673 1161
202 1157
419 974
699 669
1127 1069
102 574
179 1529
538 1052
483 322
570 1898
63 294
1659 1500
416 1134
182 1482
1537 4
343 564
1275 1
88 1195
1484 453
1953 198
1371 622
1510 1051
628 295
417 116
1520 1262
1098 1442
282 1211
356 567
685 1157
1272 567
257 249
1106 628
442 1619
1116 1323
1913 358
494 1163
543 980
969 724
596 835
151 479
146 718
1186 1945
1958 1516
727 37
1737 1714
50 481
1475 1456
351 264
397 1272
1111 295
737 282
1567 1633
778 1154
993 357
798 1227
438 1528
1954 234
486 1203
384 1812
1682 1528
1406 1615
19 1714
845 4
758 625
332 102
522 417
93 1323
1274 45
1143 1387
1112 848
344 946
1685 1402
1957 567
1818 834
1922 1284
281 1855
232 4
1864 356
519 709
668 1718
1830 1788
97 1518
1223 1161
1695 1814
1992 1345
1559 1183
1072 1114
900 897
233 993
1745 1011
1329 1908
1983 748
1706 1523
1564 1695
1969 1891
396 234
1400 1429
44 1117
105 12
1073 12
210 839
953 1184
892 376
781 343
142 269
1556 164
172 504
361 1806
215 798
1847 1086
15 1975
1398 262
1285 210
399 1186
654 1074
722 997
985 63
950 1018
869 1213
424 239
1244 1132
1885 487
96 1105
1514 292
363 1553
1036 1674
1996 1726
69 416
1999 239
1910 1605
1641 1767
1421 1646
1240 182
599 805
1081 1793
1611 22
876 50
1176 502
1502 1129
855 1523
1070 243
937 516
133 1323
816 161
1327 1461
1264 1920
1868 1456
1648 1955
448 233
1362 1114
1113 1784
887 1553
33 487
155 737
390 840
1865 762
1368 408
1050 1082
1732 1598
607 30
1991 140
804 1240
944 1673
1575 359
1843 1474
1539 1183
175 380
267 686
1639 1387
326 74
268 505
1411 1213
713 861
1612 1703
150 953
1278 1892
471 1674
1782 1732
21 497
1007 37
1048 1479
1252 358
117 1198
743 1898
1174 1479
252 1636
1825 471
1571 1879
1816 741
1230 384
156 1371
605 422
467 1074
290 417
53 1798
1463 202
1550 496
1046 1520
1755 1458
1068 812
856 1097
1549 1726
312 935
212 1864
1820 1537
769 359
94 1296
478 7
1109 1573
771 59
1206 1148
1120 1693
914 1922
68 817
1247 264
1273 1619
1756 1690
526 399
1250 1490
272 1508
1790 1370
1336 1788
1248 1525
1744 816
1544 48
759 1368
1235 575
614 1550
456 1548
195 1816
285 1825
1902 605
1016 1788
125 1685
1025 117
1466 504
1909 1718
1465 579
894 1553
1740 818
1457 1146
298 905
1751 1982
915 1793
338 1680
1428 915
732 59
611 465
1638 1502
992 519
1003 1500
1647 299
1870 1573
1260 178
501 471
857 1850
666 1633
801 107
1533 666
644 196
1391 513
1239 817
204 281
600 727
945 438
360 1695
1968 1693
237 1533
508 1327
707 1298
1409 1839
1251 1323
51 1161
1899 855
1566 155
1811 1345
1123 394
1108 478
842 1646
84 1474
324 625
1658 231
1142 484
902 1474
972 261
1476 509
1033 84
1842 1202
782 1469
1704 1718
1085 798
205 1316
642 252
1332 1098
1246 867
1801 380
92 1864
1216 1466
514 1070
129 1081
833 646
482 1244
274 1662
378 33
147 1511
1770 1630
963 363
995 234
537 102
1214 670
877 1081
410 344
25 389
20 1902
40 1174
1446 70
1713 1820
1624 68
830 1461
1607 1072
1905 1997
318 1267
786 1395
1233 1891
1823 424
1583 43
211 622
582 1682
1835 1958
1984 204
1664 1516
956 963
1385 709
23 1108
1413 1458
375 23
1513 1465
907 1607
278 1251
1631 1264
1145 447
719 1295
1524 44
1503 243
850 74
1179 25
1900 1901
827 1465
1361 273
238 1645
1077 1148
1849 1345
334 4
1004 538
506 1870
984 844
383 506
1468 543
373 850
462 1429
130 43
2 1315
1103 117
1967 286
468 878
1326 1223
1880 781
1483 1260
1987 1362
1506 1818
38 314
349 711
1887 10
1349 504
1691 1539
606 284
1191 1033
789 518
1774 1913
65 557
1141 88
1610 566
1300 150
1683 1146
1088 1792
1175 1029
387 502
1933 614
1320 34
1393 1909
1377 1624
1437 164
464 1864
1443 4
80 464
1668 570
1495 1528
1219 1447
531 1163
1396 900
1407 673
1947 1414
765 894
1565 486
103 438
1481 97
1231 1449
393 1276
382 1902
1856 468
1121 74
592 1117
1005 1638
568 1850
1063 1958
219 748
1655 945
1367 103
1644 1272
959 1148
1973 602
1126 1227
808 18
253 1885
398 798
1353 817
222 281
108 620
1694 93
1867 359
491 1275
1182 456
1554 1036
160 1866
1023 1893
1164 801
1562 648
170 1164
1670 1987
1599 1280
317 944
1499 861
701 1514
755 944
799 1481
1045 467
629 1162
1921 1787
1689 1744
1546 1324
515 1899
1099 199
1178 867
1032 955
929 491
1151 78
1058 1251
764 718
1876 1664
924 292
1394 1011
1312 135
1547 897
1840 196
1661 856
613 1693
98 709
822 1329
159 1787
435 1448
316 375
767 1856
1854 1513
528 786
1271 764
1815 931
1170 701
760 1230
1852 1116
1232 732
165 1896
989 1779
110 603
1962 178
1314 670
189 1605
813 1280
889 1079
851 1645
565 648
626 231
1527 1406
1771 1615
1504 856
1918 380
591 782
982 1908
738 502
994 424
1061 278
488 558
1167 1085
913 1352
1453 1479
1205 974
1057 1116
1882 1840
1651 1484
1976 764
1944 1955
1587 1898
1014 603
1580 957
965 1518
901 825
1622 1273
539 1654
1534 1443
736 724
536 1216
529 798
1010 60
39 488
336 914
1128 1780
1322 1804
962 917
895 1431
1916 1566
1725 1607
1859 1675
1650 1213
1914 1097
1597 119
1344 1317
460 941
1383 859
811 1086
1667 326
1363 1560
794 82
296 606
1776 1600
734 901
960 1550
216 410
1727 342
1249 456
1217 568
365 1349
1269 528
1927 515
145 479
136 1866
1226 1218
463 1967
229 93
1912 1082
469 1597
207 1141
241 448
1200 172
1266 575
459 999
392 622
121 897
1000 1142
1024 74
1721 442
1197 686
1044 977
1739 1248
1822 1795
874 165
882 1790
1420 336
1059 1068
617 1085
1095 391
188 1074
663 272
979 295
645 944
1966 1244
1915 103
1228 179
403 140
169 1164
1603 1830
303 992
144 1300
1337 1151
1582 1905
1671 1267
572 924
495 528
91 607
427 1161
1149 1469
250 1182
1493 139
1438 110
1989 1524
1379 669
1627 1947
1602 159
525 1843
1188 46
864 1072
740 798
1155 1564
949 1537
1092 1553
806 1811
744 1745
1596 59
1101 513
730 63
266 566
677 332
122 1239
790 1506
1579 591
858 723
1663 1039
1634 1905
1291 744
17 155
898 1898
971 358
1225 179
302 1361
958 1565
1369 1520
6 935
1180 740
1078 1243
432 971
1147 1882
406 1527
426 774
201 1546
308 997
1738 1323
1321 1812
922 1318
1937 727
1087 1508
35 914
1872 1737
968 1648
1470 1373
1874 835
1439 786
1488 1163
581 539
862 582
1757 564
807 1693
149 1457
986 147
106 519
1768 522
1542 351
246 393
641 450
1173 1525
1489 1526
1366 216
854 239
449 1947
1040 1063
610 979
1791 522
1254 1779
1497 950
441 1128
2000 659
1730 4
259 1075
593 170
1177 741
546 1398
1748 1745
163 686
1974 1696
263 164
1716 857
3 1681
1124 1900
168 822
1956 957
553 1126
1613 1683
1309 691
1478 807
1237 1343
307 1287
676 1988
1359 738
1028 845
1907 1748
474 1275
1687 312
1521 1232
1130 625
1591 1295
192 1214
530 1274
123 237
1221 807
1360 1528
1543 900
411 1942
552 830
293 764
576 684
503 1247
1924 952
923 1074
1628 1088
1994 1414
1110 627
1769 1665
1066 1264
339 1550
87 212
809 1603
1234 1475
1422 107
998 1727
1652 1533
1002 668
1761 1745
1977 1652
1041 1092
1616 2
541 1991
624 205
127 1474
785 1317
67 1007
623 1111
329 1092
27 1733
187 1726
85 1992
1433 1072
1724 378
634 38
577 60
355 210
354 1368
1294 1327
1808 1456
1941 1713
1436 1294
619 711
875 30
1241 1825
1392 993
990 861
1306 1421
930 195
1890 205
1851 944
1372 1324
647 623
1053 302
11 1530
770 659
16 1658
772 1200
1328 553
679 120
1705 60
1939 1460
1229 151
1894 1395
888 268
1679 252
321 1894
821 1954
1563 1928
305 920
750 313
753 1825
1140 1110
1777 123
64 172
1863 648
672 1437
1536 1778
328 1216
99 1362
366 764
466 314
446 1564
824 426
1708 839
1577 1865
1350 931
1760 1973
1821 1559
643 266
823 745
532 1229
1279 1554
115 1048
1494 736
873 1249
279 812
1042 1164
1853 1483
1313 502
54 772
912 274
407 1329
1430 704
320 1146
981 1764
248 1043
694 1556
153 1995
803 1167
346 537
1302 1411
1824 1792
1281 1714
162 570
1270 1298
1376 665
796 2000
880 1543
1585 981
1762 806
1118 1967
1897 1260
131 1292
141 1393
1551 317
371 669
225 1665
883 33
476 202
1980 1718
662 1383
511 1086
616 1879
1625 965
1381 461
820 1506
1971 217
942 390
1441 482
112 39
1424 1061
1632 1951
884 1745
242 1912
1940 1854
1750 1037
72 298
866 1812
1017 242
310 1066
1948 592
717 67
1857 413
1800 1593
1283 1977
1192 1355
452 1029
1268 672
77 1120
1763 1674
1540 509
1035 1744
100 1493
434 481
872 1348
1135 1441
1819 1722
157 1908
1752 447
635 1654
1614 552
749 22
500 1945
470 1696
1773 1671
976 1315
756 724
57 316
1678 1488
270 265
751 1236
32 1929
1060 1178
1245 1193
542 643
996 1883
236 1771
535 357
908 1937
1978 1792
943 1922
1257 977
1472 266
1841 1874
726 953
544 1769
761 1779
1828 422
1290 1626
458 140
1286 1750
333 607
1505 1839
777 1000
379 1350
657 530
1817 1150
1047 1105
706 1476
705 1711
991 18
650 467
1189 69
678 1894
1089 366
826 759
1789 1431
983 88
693 321
171 376
433 1387
682 321
395 1579
1397 27
573 1916
1330 48
664 339
1741 1612
1998 525
1473 140
1719 1580
1848 1580
710 1059
154 921
347 505
414 1241
1496 1912
904 1997
831 1635
793 646
230 1398
1746 1483
1743 1897
517 1333
489 943
499 952
1432 1311
1545 732
1758 1755
1417 493
1304 1583
1735 726
891 809
1501 131
836 342
1194 514
1238 924
275 98
1935 1194
1794 264
1710 546
1684 1814
667 1460
1827 972
1258 639
340 659
1594 1745
791 194
1541 297
879 1326
1131 1592
1364 450
111 1531
1172 419
1067 1915
1707 1865
1334 1636
586 884
1399 633
1620 1619
66 1239
1960 392
490 970
766 767
1346 1276
700 1192
868 1075
1451 1727
520 1436
621 1026
571 302
533 724
1845 1751
1569 96
5 806
455 1676
348 1072
773 1235
309 397
86 1625
545 293
1623 94
306 33
601 859
1212 483
1906 87
1090 1873
1308 538
327 1710
966 201
213 762
1934 1669
768 1203
1015 568
890 760
1701 781
1979 961
1878 1078
1485 1623
89 437
1083 340
815 1460
1775 87
402 979
1351 1887
271 1577
1263 1066
42 1048
386 1682
301 1322
76 1349
683 1739
597 1569
1709 1771
631 1801
52 214
73 1872
1375 983
630 586
1419 386
374 1548
14 1288
1846 77
1805 758
1487 20
1702 1719
1886 1834
1056 133
689 590
1601 1276
200 1821
903 1316
113 1499
1049 1051
58 1645
1734 1627
104 405
1903 1762
742 1579
725 112
692 1037
832 1469
254 1945
853 1933
739 710
311 1760
173 1751
1389 779
1301 472
660 154
1293 1030
784 1562
1374 479
580 1582
1919 42
1401 1594
1208 1263
1282 1508
1578 286
1649 1346
1609 601
814 761
1357 900
1187 627
218 589
910 325
1729 1254
954 975
1749 663
588 468
1833 1921
560 1944
763 682
696 1294
335 1678
936 1915
932 210
208 1710
1168 1279
1875 1075
1347 42
56 686
947 529
8 35
29 1290
1699 1311
1826 2000
381 1890
244 292
95 391
702 1674
1365 703
797 1850
1410 1281
925 196
1196 1735
1786 855
1943 11
353 594
933 284
221 494
1617 78
1215 1019
1759 268
1427 451
1255 136
1156 1755
1464 751
688 1456
1159 2000
300 1331
1509 5
184 173
563 764
1335 940
1253 78
578 431
430 1609
1557 556
1209 254
1832 363
802 257
480 474
1753 1994
1889 719
609 662
1931 358
24 1939
1418 275
101 1731
926 783
134 1719
746 1278
177 144
1519 1317
967 990
1256 252
176 684
1858 1090
377 104
1677 113
964 201
1207 1465
1412 508
1242 21
1158 1135
1008 1043
124 997
280 238
1884 1434
1981 1883
776 215
1384 1741
1006 942
13 1579
1199 941
595 1240
1455 107
655 313
1656 1301
227 1497
1586 1084
521 1164
428 1542
860 1026
828 1675
1356 96
1160 105
193 1820
909 1708
235 1958
128 478
1950 1155
276 1076
1093 346
1307 133
1799 1338
871 398
304 1314
362 1506
1672 1812
838 225
1972 1709
1862 738
1171 1579
1450 1707
1001 1846
1736 1950
240 1681
245 1479
1618 1381
1055 1984
1965 1638
1561 864
55 578
1871 1055
1986 1394
757 27
674 913
714 767
49 1827
1642 378
865 1050
368 1596
1444 1528
906 1490
690 91
1277 227
1153 1121
1783 322
1119 1945
1568 1862
893 920
1342 1338
1403 1409
1423 443
1305 1582
1807 522
1064 427
548 1256
1698 87
1860 1375
1340 466
681 74
152 622
423 1357
1990 1528
587 253
1581 437
183 972
1829 408
429 390
795 29
928 117
440 183
1712 1189
754 1274
1031 196
1491 460
75 1523
492 353
1452 373
716 1667
1926 758
1166 1857
1426 644
1122 828
256 1312
720 1192
180 1821
255 361
1065 1092
846 1847
203 1377
83 276
445 278
1027 243
1657 1622
810 480
1224 73
551 563
1930 1400
485 563
1796 380
1102 803
550 969
1697 5
1136 93
1766 214
1932 1366
319 612
1538 349
1837 1800
62 570
1462 217
640 714
1012 1046
1952 570
323 1399
1621 1726
190 1975
919 891
1715 763
584 1178
715 230
1341 450
554 1370
585 163
1949 1837
331 231
1728 889
636 354
454 547
695 121
1169 60
418 1239
1415 1226
1993 1577
174 1349
158 1766
409 715
988 1288
1938 587
780 559
167 324
938 1657
863 47
209 1500
473 1421
401 65
1144 1909
1071 1924
1555 1681
337 1951
1022 1181
1895 539
1467 308
148 1918
412 2000
583 1859
475 1369
1785 1437
400 1610
1532 805
90 1206
1222 570
896 1496
1139 1856
223 84
1299 771
1802 114
109 1967
1390 1276
372 368
1303 49
1844 1698
733 51
604 988
849 1560
800 553
289 18
1265 980
228 1766
653 143
1210 532
680 623
287 861
562 195
247 1177
615 709
1477 103
1552 207
1643 1705
712 1684
1259 1405
1686 1083
1408 1189
1416 898
1961 1520
9 859
1754 1397
498 1097
1558 998
1204 1426
652 893
948 875
457 1338
1590 788
728 1948
71 662
315 35
649 1461
698 1118
608 1260
1100 595
1517 163
752 1773
1440 1891
787 1843
1964 1724
618 1969
661 758
1570 1003
31 1468
436 36
1435 158
425 585
708 747
911 1550
1486 1699
26 1487
978 364
1480 567
1133 91
656 198
1911 974
1959 1903
1535 1477
939 1209
735 542
973 225
561 1581
370 365
138 665
81 1212
527 267
847 1084
1838 356
899 601
415 893
1091 482
1629 1663
987 1794
1009 263
1861 348
651 257
1925 644
191 800
1831 473
1380 535
1666 1672
837 1929
569 625
1388 11
829 1176
1584 1929
1115 1347
1797 577
444 893
658 1782
638 1243
1688 997
1471 668
1923 270
916 667
1404 1936
341 1356
819 889
1803 1761
549 574
1904 654
1339 479
1358 1952
283 1469
420 347
1094 692
118 176
1319 1569
1185 45
1080 194
1325 915
1138 1510
775 1496
385 151
731 1182
885 1210
1604 369
1378 787
523 1185
1425 1548
1742 470
675 1371
1459 646
1165 211
132 472
1888 343
870 1583
1637 1925
1261 1880
524 1295
1020 976
918 1379
330 667
1054 1013
2
3
2
3
1
1
3
6
2
2
9
8
3
4
5
7
6
2
1
7
3
5
0
6
6
0
8
0
8
6
1
9
5
8
4
4
3
0
4
9
2
4
3
9
3
9
7
5
6
9
4
0
3
3
5
1
4
5
5
0
0
7
0
2
6
4
1
1
4
7
3
7
2
1
2
8
0
6
3
5
6
6
9
4
1
2
3
7
5
9
1
7
8
3
0
2
9
3
6
4
3
9
0
8
9
2
8
7
0
4
6
2
8
7
3
2
6
9
1
2
3
2
6
1
1
3
7
4
9
3
3
9
4
8
8
3
5
1
0
7
2
3
0
2
9
3
6
9
1
3
8
1
3
9
0
5
1
9
2
2
0
3
9
9
4
3
8
4
6
4
0
1
4
4
7
8
8
1
2
4
7
7
5
2
4
2
4
7
1
0
8
0
1
2
6
8
2
8
1
9
2
3
3
5
1
8
7
3
8
5
3
5
8
3
0
5
8
5
6
5
1
8
1
0
3
0
7
7
4
4
6
3
1
2
5
4
0
5
9
3
3
4
8
8
3
3
9
4
1
8
0
7
1
8
7
8
1
3
4
7
0
3
0
6
8
5
5
8
6
1
3
3
5
0
2
8
7
4
1
8
2
8
5
4
6
2
3
9
9
4
6
3
8
0
0
1
0
6
6
5
2
8
8
1
0
3
3
1
8
4
8
0
8
7
9
3
5
3
8
8
3
8
2
0
2
4
8
0
0
7
1
1
8
2
2
0
3
5
8
6
6
9
9
9
0
9
4
7
3
1
6
3
2
6
1
5
1
3
7
4
3
0
6
4
2
1
9
0
5
2
1
6
7
5
0
1
6
0
0
4
6
4
7
5
1
3
5
2
7
5
9
3
6
2
9
8
0
2
2
7
8
7
8
5
3
6
2
8
5
3
3
1
8
8
1
5
6
0
3
4
1
6
9
8
8
1
2
2
6
7
0
6
1
9
5
4
0
3
5
1
6
2
7
3
1
8
5
5
7
1
1
5
0
7
6
2
4
4
9
3
2
4
8
5
1
0
1
5
8
0
7
8
7
1
9
4
3
0
3
6
6
8
7
3
0
1
4
7
5
1
5
2
3
6
1
0
6
7
7
1
0
2
7
0
4
3
5
6
1
4
6
8
5
5
8
4
8
0
7
7
2
5
7
0
6
2
4
0
0
5
0
6
8
0
0
0
5
3
5
2
0
4
3
2
6
0
8
5
7
3
2
0
8
1
1
0
3
4
5
0
0
3
1
2
0
2
2
9
5
1
3
6
4
0
5
3
8
7
8
6
3
1
0
2
2
5
4
6
4
9
7
5
9
5
7
6
5
3
6
5
7
9
0
9
4
5
5
9
2
8
1
3
6
4
4
6
2
3
9
3
0
1
3
1
6
5
8
3
5
7
4
5
7
4
2
5
9
9
1
2
2
1
6
4
1
1
2
8
0
3
2
5
3
0
4
6
0
4
4
3
5
6
6
5
8
6
4
9
7
6
6
3
8
9
4
3
7
5
0
6
5
3
6
4
5
4
8
5
8
7
9
7
4
9
0
5
8
8
6
5
0
8
6
0
7
7
3
4
4
0
4
7
4
8
5
5
1
8
1
4
2
2
0
9
8
0
1
8
4
4
3
0
0
7
9
8
1
3
8
8
5
5
1
6
6
7
2
1
4
9
5
3
4
4
0
2
4
6
2
1
8
3
5
0
8
7
4
5
9
0
0
0
4
2
5
9
5
9
1
2
1
5
8
7
5
9
3
1
9
7
8
3
4
6
2
5
6
1
2
1
9
6
2
2
8
9
7
1
0
5
7
4
4
0
8
7
1
9
9
7
9
4
0
5
1
9
0
7
3
3
7
1
2
7
5
0
5
7
0
3
0
4
9
3
2
0
2
3
6
1
6
2
4
8
9
2
7
3
5
8
8
0
6
7
1
4
1
9
8
3
0
3
5
0
4
2
9
4
6
6
8
1
3
3
7
2
6
5
7
6
2
2
7
8
6
9
2
6
1
4
2
2
5
5
7
2
7
4
4
7
7
5
7
3
0
7
0
0
3
4
5
3
1
8
3
3
3
0
7
7
9
3
9
3
2
3
4
7
3
0
7
3
1
7
8
2
1
2
8
1
9
2
5
3
3
6
9
0
3
9
4
2
0
3
8
9
0
5
7
7
5
7
0
6
3
4
0
2
0
0
0
9
4
5
7
4
9
8
9
1
4
0
7
1
2
9
5
3
1
6
8
8
4
3
1
3
5
8
4
5
7
5
3
7
1
2
6
1
9
8
5
4
4
8
6
6
7
1
9
3
3
8
6
1
0
4
1
4
6
7
3
5
8
6
2
1
8
6
6
5
4
6
5
0
8
9
7
6
3
3
8
2
7
5
0
8
7
9
0
6
1
5
5
5
5
2
3
5
3
4
1
5
5
3
0
5
0
5
0
2
3
1
5
2
1
7
5
9
1
2
3
2
5
5
0
1
5
1
7
2
3
9
6
7
7
9
3
3
1
1
0
6
1
9
2
1
9
1
9
7
5
5
1
8
8
0
5
2
8
7
1
9
6
6
2
9
5
7
0
9
8
6
7
7
1
3
8
4
9
2
9
3
4
4
0
3
9
9
2
9
3
8
4
8
2
8
2
9
7
6
5
5
8
8
1
9
1
7
2
3
0
6
7
4
2
0
3
7
4
5
7
2
6
2
8
3
3
0
5
3
5
1
0
2
1
4
3
5
2
1
2
0
3
7
1
1
8
2
0
6
8
5
7
3
1
7
6
9
6
6
4
3
6
5
6
1
1
8
5
6
7
3
5
3
8
1
5
8
9
8
0
9
4
9
2
1
1
7
1
1
1
7
2
5
5
4
0
0
7
6
4
5
0
2
5
5
4
4
7
6
2
1
9
9
4
0
5
9
2
0
7
6
8
1
5
5
6
9
4
6
7
7
0
6
7
2
0
3
6
8
9
5
4
1
2
4
5
8
0
0
7
3
0
1
7
3
8
2
9
5
2
4
2
2
7
0
8
0
5
6
5
0
5
0
1
6
6
8
5
8
6
0
2
6
0
7
2
3
2
2
5
9
4
9
5
9
2
0
9
0
3
9
4
5
6
8
4
6
8
5
7
7
7
8
8
6
5
3
2
8
1
7
1
0
2
7
0
1
0
4
5
6
7
9
6
8
9
8
1
8
4
3
5
3
1
8
1
1
3
5
2
7
5
0
8
6
8
2
2
2
3
2
3
2
9
2
5
6
3
3
1
4
3
9
6
2
4
3
7
5
8
6
3
6
3
8
5
9
0
2
7
6
5
9
6
5
2
2
3
8
0
4
2
8
4
9
3
8
3
8
0
3
6
8
5
9
1
6
1
8
8
9
7
8
8
5
6
7
9
6
0
3
5
0
7
8
4
9
9
8
3
8
6
8
1
5
5
5
9
6
6
0
3
5
1
9
8
8
3
9
9
1
1
1
5
4
3
5
3
0
1
3
7
0
8
2
4
2
2
0
2
7
6
7
2
3
6
0
2
0
6
6
4
2
1
0
5
0
8
5
9
5
4
5
4
1
5
2
0
1
5
7
1
4
6
9
3
4
1
2
4
2
7
9
9
8
2
9
9
2
0
9
1
2
9
8
7
1
9
9
2
4
1
3
9
1
7
0
7
0
2
5
8
1
3
3
9
8
3
4
2
8
0
8
7
4
8
6
4
2
5
7
2
2
3
1
8
9
1
9
7
8
8
4
8
7
2
9
8
0
7
5
4
8
0
1
0
7
9
5
0
1
7
6
0
1
9
0
0
9
2
4
8
6
5
4
6
9
3
0
2
3
0
4
7
6
3
1
3
3
3
1
5
2
4
6
8
8
2
2
4
8
9
2
5
6
3
6
7
0
5
2
4
2
3
5
8
2
0
3
5
6
4
0
7
3
1
3
4
1
2
9
4
4
3
8
2
6
1
4
8
2
4
1
2
0
4
4
7
3
8
5
0
7
8
0
0
4
2
4
4
3
6
9
6
4
9
7
5
4
1
1
6
9
1
1
6
1
9
3
8
4
8
6
0
2
4
9
1
6
8
2
8
8
9
1
0
6
9
3
2
7
1
5
0
3
0
1
2
8
0
7
7
3
2
5
4
7
0
0
8
3
8
2
0
8
4
6
6
7
4
2
8
5
7
6
3
9
1
1
0
5
3
3
8
6
6
1
3
0
1
5
5
8
4
0
4
8
5
1
4
0
1
7
5
8
7
2
8
9
6
3
3
3
2
2
9
1
1
1
3
2
4
8
6
5
2
0
4
0
5
5
2
0
4
4
5
2
8
6
3
7
6
9
7
8
2
6
6
1
6
1
1
2
8
5
4
3
8
0
5
9
7
4
3
2
7
8
7
6
2
7
8
2
3
9
8
3
9
6
1
0
4
2
7
3
7
3
0
6
1
2
2
2
5
8
7
2
0
9
1
3
5
3
9
9
9
4
3
6
1
9
4
4
3
7
0
4
7
7
1887 911
667 1394
1846 1593
1938 1337
640 767
205 1698
650 1425
316 1461
1849 452
447 1449
1353 1969
1640 1669
1721 1981
1997 596
143 1153
1408 1613
586 1625
633 1818
50 1940
999 749
62 1791
920 223
1406 51
1673 404
600 1887
1913 1985
1275 689
95 1315
559 1686
103 259
1205 774
1803 1373
602 1802
1562 1177
1455 233
1307 1837
76 1458
1106 1742
789 1743
901 965
1892 1816
1342 150
1423 238
1280 794
530 213
146 703
656 1074
1309 1464
539 1523
173 230
965 915
415 1459
386 913
32 666
242 1139
1688 905
190 378
111 943
918 1835
612 377
1625 1122
1892 1836
480 778
925 553
1161 1316
549 1244
1980 1227
362 1476
759 1257
574 1948
60 566
608 1910
965 1429
60 1121
599 1442
1305 512
687 1148
1105 1324
595 1005
978 1647
1247 1560
1221 1140
1560 1362
1797 1897
1842 179
445 1834
1739 1556
814 765
1822 978
1788 514
1888 460
464 229
200 288
716 1236
851 449
1783 1286
105 836
427 1152
295 1295
331 1259
856 140
921 1039
1850 595
65 743
471 101
1047 1161
202 84
562 370
1326 1189
1318 236
59 880
323 396
1480 860
815 360
1072 530
1010 630
1196 1977
1429 562
1434 511
339 554
1810 1397
1417 586
68 861
1176 799
1410 1509
217 38
1414 1599
1811 279
444 78
733 1940
925 435
1640 1649
1600 1148
487 695
1708 403
1283 547
1931 212
601 1987
1206 1287
511 126
1945 1091
257 1193
1954 158
1158 1844
844 1065
1195 229
506 711
249 891
1743 817
758 16
372 229
1081 866
1154 1786
1193 175
1737 219
1184 1185
923 1070
153 1355
1977 733
589 1047
1232 1719
1324 775
959 1269
1427 1385
221 1258
1530 1579
1388 52
1086 1428
1499 426
761 1323
973 1460
481 1414
985 331
1265 1706
1075 526
1912 1966
746 186
582 1381
261 47
1812 295
1242 498
1982 612
1340 956
1501 1980
1181 1761
1165 878
195 278
1800 736
1204 616
969 906
676 1712
1683 1419
1608 632
940 668
1905 682
678 1295
1032 90
1089 490
841 1779
756 1252
382 1248
1747 1949
361 654
1975 1661
1386 915
471 518
704 1795
1130 57
1455 244
498 1220
488 1282
1685 1185
735 137
455 1516
1062 444
1985 649
1784 163
852 250
1094 1547
565 166
1461 545
614 366
965 1111
965 1027
617 1205
399 1294
152 335
1691 248
1735 1874
324 1433
1950 743
984 1852
308 1457
1910 951
1129 1895
1266 1916
3 272
465 1235
872 1211
1558 546
764 57
1139 1754
1376 1006
445 134
514 1041
1019 1721
1185 195
484 30
1600 10
645 1008
660 913
93 1011
550 1081
1411 1708
782 656
382 666
1421 883
359 1358
1517 512
1374 680
1625 958
1699 1727
926 1443
755 517
69 1627
1754 656
120 541
1598 686
1936 855
1060 274
1589 1733
1770 1818
248 628
1911 630
1651 1652
944 207
1764 881
1594 485
1869 1788
657 442
482 1121
429 874
1531 842
159 1951
957 1977
1125 210
420 1656
680 1988
822 1522
1437 986
344 1505
91 770
662 212
894 98
1174 4
333 1434
404 1244
669 987
582 1751
321 12
810 1534
485 1758
418 581
1425 387
609 1283
1924 1747
215 85
1976 1399
1887 402
1859 1753
1509 624
1781 1940
291 1923
8 1721
1875 444
1107 334
1147 1697
719 528
1441 1306
1243 198
231 1290
1724 1335
201 1231
1242 1086
160 723
1885 165
1538 1777
1209 431
932 933
292 1184
616 993
574 1898
1262 706
1604 785
1293 52
675 798
411 339
1023 967
1939 1778
29 1132
842 1171
870 1735
327 158
1102 898
514 944
1814 1496
22 651
1633 1616
929 1465
713 1775
855 1251
1345 645
1935 857
1308 1535
1026 1937
1110 796
1142 579
1566 155
1240 938
533 582
701 1392
1731 1336
554 353
556 557
802 913
1114 1675
1863 154
948 1909
308 1951
964 1594
1588 1863
210 532
1360 1108
635 1552
1422 353
1657 1569
703 975
1449 1334
1076 1001
1505 1882
698 1532
668 759
1266 225
798 1472
466 980
727 1899
1561 2
1289 177
925 1702
90 1416
998 1707
1353 184
704 399
1675 23
1384 1117
46 466
1484 1273
1717 45
1040 350
919 536
970 859
770 66
1735 1096
524 1977
913 777
963 1935
1462 2
23 1311
1940 857
698 399
1350 957
78 82
1798 95
1420 1893
1001 185
1097 1892
1641 526
988 1458
915 1160
622 1765
227 50
1986 1573
1588 1020
1906 1385
551 1426
251 814
655 1626
784 1183
1498 59
786 1068
770 782
1470 1736
274 1851
1650 1025
1668 99
1420 1932
1561 1281
1320 1404
1241 171
433 1352
1985 1391
239 252
1812 459
1204 777
73 613
136 1752
619 849
1911 1635
935 1453
970 1866
681 1626
128 1650
745 1030
366 1571
1204 1801
1727 936
1636 241
979 876
230 336
325 104
915 208
1634 1613
1836 312
1443 1641
39 1531
1946 1549
1838 1807
679 865
882 1982
1858 543
1047 1069
1691 1597
1680 191
1729 39
800 784
818 1250
748 1639
1588 1936
1163 1223
815 1382
1270 933
1440 1868
533 1581
573 796
1333 1980
803 1046
1696 1473
1910 1034
854 628
197 1339
706 1183
135 724
1842 1172
1433 903
1422 37
1051 1813
1482 1452
421 1481
485 1812
418 1068
282 418
1684 446
587 673
1445 386
1019 618
1853 170
1960 398
1001 1787
1018 744
1733 80
98 324
1780 620
1361 1115
1807 735
1636 734
1979 1593
315 635
778 1035
1221 1051
920 1379
458 309
1484 1221
1479 90
403 495
845 989
359 1878
545 1878
591 244
1887 397
65 1988
604 817
1706 282
1039 209
1801 181
166 1697
190 1654
104 1877
940 1137
1483 57
1274 1652
1963 1353
1698 666
1795 334
1899 368
497 196
1329 1332
1384 1662
1570 832
1993 131
1281 1300
861 597
1358 1719
1736 384
181 811
1582 462
244 117
655 83
1508 1180
1785 1507
901 1779
192 1824
573 1316
575 581
1602 400
1843 172
815 259
333 1155
512 947
1689 905
1549 1529
538 792
97 1875
20 1866
1272 761
1774 147
465 1540
909 279
429 295
466 1896
1907 375
204 1348
992 1930
508 301
39 1754
911 718
1455 403
1523 1352
175 206
1103 20
198 1199
1683 1983
941 1665
603 1546
178 945
1999 689
1577 427
88 1928
538 984
799 1791
1347 1440
973 1342
394 1220
362 5
197 295
1262 119
1951 1391
803 1147
881 657
1724 1500
217 356
1023 1288
416 768
1397 1869
1536 1462
370 1376
84 1264
1247 757
1472 1564
1638 1279
276 1623
880 1555
489 1599
1918 224
1525 1144
1095 1114
1346 930
208 154
1113 563
1347 622
1080 993
1033 786
1604 70
995 1360
1524 160
1111 1119
1958 1004
1410 1681
267 597
690 132
163 455
1699 425
1045 1358
1565 720
1390 1698
1419 462
1253 1249
686 360
1726 387
1916 156
1550 1034
916 1294
1350 787
1569 443
305 1780
1327 155
1097 771
764 607
537 516
1688 1484
604 1559
252 1726
731 530
912 819
216 1183
1586 637
698 1269
755 1466
598 148
1302 1560
878 565
697 1312
711 914
246 844
1775 1749
1384 1517
1809 1941
791 1019
693 1981
1672 1929
384 1865
1580 84
1183 901
1411 983
371 1974
45 1212
436 1595
1091 1846
1543 592
453 1022
846 674
1953 297
899 801
881 1784
1972 1818
1178 423
1012 1738
1312 1928
569 1890
968 650
687 1787
1724 228
104 1041
279 1537
1500 1138
1074 550
37 774
1026 118
1364 262
1553 375
98 275
1605 1294
1822 1075
1829 1293
976 1607
682 27
1651 589
974 512
585 229
1900 1114
1542 355
145 91
494 1891
1014 1953
861 1542
1029 361
1036 977
646 663
710 983
175 1061
1970 522
268 714
1806 400
107 858
1850 1775
1576 147
1699 1092
1213 940
1012 1586
1551 1870
598 1822
1743 404
1918 328
1263 1501
1454 367
1880 606
1385 586
1832 1246
861 1977
1594 294
538 458
866 580
112 1919
352 1773
255 694
414 1791
1456 1317
14 601
130 801
1535 480
1906 924
466 1337
270 760
1999 203
1110 748
859 1927
1458 989
1782 383
1676 1380
1569 1306
767 565
1397 1544
363 1936
1742 1178
664 1399
917 1907
564 1745
728 1728
1244 366
1723 406
1121 420
796 1419
938 703
1340 714
1997 1165
378 759
459 344
1847 1813
80 769
1251 277
998 962
373 791
1317 1613
1632 1461
1632 1478
1501 207
370 1148
637 1044
269 1282
1903 970
1546 235
1353 569
1465 1558
1895 903
1793 1806
588 1642
687 632
1870 1169
1316 175
1789 310
1231 980
947 814
797 864
1351 1213
951 26
1003 1996
1912 535
655 1340
442 1062
1501 629
1279 1696
620 961
718 191
1714 1944
368 1533
174 35
1478 172
352 838
635 1517
908 21
1212 1816
116 1629
1077 1480
876 62
1876 1703
1616 1641
499 350
9 1181
550 604
1960 1142
1245 1040
982 1652
516 1710
1344 958
778 1946
1042 70
347 1274
355 1658
1395 1516
613 1199
852 336
1719 425
1786 415
1920 942
1596 1710
629 1706
573 1783
659 446
1837 1820
938 386
1289 1700
1536 331
868 1947
1566 874
639 1513
1692 1243
745 324
302 823
1039 1319
1682 1294
343 1833
949 1599
653 709
1407 802
1282 1358
1274 603
1696 168
72 1140
1425 1754
823 170
1343 181
1325 1427
610 1653
1500 1081
917 728
229 1647
499 55
349 219
342 1674
1527 245
1866 557
1508 1196
111 575
1181 774
1586 252
793 1335
853 260
1313 1901
755 1880
1255 262
1239 1188
827 1713
1660 1781
1932 1905
1239 17
223 249
1050 1620
827 256
626 767
188 1888
547 819
789 68
1353 292
1165 315
1934 1058
528 1428
657 1936
772 1289
1237 999
744 1311
1280 410
941 1466
1927 698
1490 61
1445 197
1830 180
1189 978
315 3
1181 1589
190 1306
1924 1531
803 125
1371 1319
1858 1344
64 1633
788 752
1382 385
974 1793
43 1500
1344 442
167 1895
1362 354
115 531
1798 455
1121 1956
893 1661
805 578
1217 38
1333 1788
1449 387
145 1690
631 1776
348 1898
400 1000
454 1202
2 468
563 109
160 95
1473 505
1308 563
651 1298
1330 1063
1966 1748
1403 108
350 474
29 577
517 1712
147 966
350 1848
1265 1857
1799 730
857 228
1096 1961
1575 448
312 429
1430 1807
1163 849
1401 1822
1341 889
974 845
1906 416
1041 27
1487 351
939 414
898 146
1678 695
1459 1216
279 304
1284 1234
1545 153
1485 930
376 274
764 1638
1174 934
1760 405
617 1033
122 1164
1331 958
1652 232
1194 336
971 129
1167 117
1413 1101
692 227
102 666
89 424
1635 1412
287 1288
107 1258
1324 837
1002 945
970 1201
1650 615
116 563
1606 706
741 662
1063 143
1070 1051
189 1740
763 1349
1429 826
1229 1870
638 1812
1054 989
1734 355
1242 360
1722 1285
651 695
256 1402
7 1186
1329 567
1594 804
544 1322
1525 767
1532 167
33 1607
794 1081
1221 1570
744 1985
674 713
1336 1737
776 1663
653 1221
744 1078
780 458
1921 708
1506 308
1599 515
1870 109
353 564
1056 1248
726 1030
640 1939
639 122
1460 1675
1253 1006
1751 990
1202 1993
1719 405
303 369
245 1361
1206 1247
1518 507
1369 1312
1237 1344
1232 1895
889 1763
1499 239
1243 592
1914 236
1562 758
345 1113
1865 337
704 954
789 186
1962 1649
1528 1604
674 1837
1116 17
1828 999
590 620
793 1871
432 1897
1395 165
1612 1162
1333 1597
1392 1450
1351 926
1604 1047
1861 1379
1415 1207
1470 1709
697 1723
233 354
364 1016
367 1981
1187 1125
226 767
1789 309
1885 1809
1911 675
328 756
29 1369
1355 1140
339 1460
1668 1416
36 1429
571 534
1453 1679
1612 138
1214 1286
618 1502
554 1894
109 126
818 616
835 589
1266 140
1300 1848
555 711
13 133
225 736
740 701
1949 366
193 1450
932 1098
688 1396
1445 992
385 1787
1631 1494
1605 1280
1141 1674
11 1717
191 1551
257 1475
1277 1169
212 1828
537 1312
1187 400
1665 1527
1287 500
413 741
1115 1211
8 1249
1783 806
977 509
157 557
1228 1702
1948 1128
70 932
651 1194
988 460
597 1814
623 44
570 728
388 1386
1161 203
1858 399
1894 1531
48 358
857 578
1221 171
175 845
830 277
1973 1086
253 722
546 1688
986 1220
1393 1293
1540 14
1783 352
1709 1955
1533 255
1010 1456
1922 1527
520 1867
896 1231
1423 1911
1218 402
636 795
860 310
1822 1592
101 1883
824 1760
1078 1500
96 730
1309 1055
1484 123
182 1764
1637 712
987 1805
545 1912
840 753
303 1540
1389 140
865 1149
1717 1038
998 1853
715 359
1533 437
865 458
1909 198
1526 1577
454 1507
1074 309
23 832
661 1623
527 781
343 254
54 194
475 337
1024 179
509 1963
66 1636
316 1485
1402 1904
1679 1756
1520 1895
77 1917
1968 1612
429 1973
1025 490
1044 140
691 1432
1720 951
1922 1600
102 786
176 416
1699 1562
1812 657
397 228
156 1938
912 1168
1326 135
355 708
753 927
1364 1104
1022 538
1729 1021
544 1190
157 1072
583 1001
1316 446
1676 1634
1454 912
371 454
343 298
1760 521
730 458
1341 1343
248 647
42 379
1123 777
1341 1993
1092 1570
1353 1450
591 621
909 791
619 1060
205 1268
1295 280
913 676
1127 400
1972 614
333 1409
104 1406
590 1234
492 65
634 1886
281 446
1658 1263
1983 461
952 284
869 852
60 889
1225 12
1274 1876
942 1870
868 912
389 464
742 1883
63 718
1196 1745
1284 559
585 787
1507 1445
829 123
465 612
9 185
1595 1534
1347 826
1305 1071
1582 1200
76 1696
1786 183
1222 962
1893 1258
199 964
995 623
1870 1535
884 359
834 1017
1603 516
374 1326
1460 1444
1997 380
686 1260
1134 1623
1656 821
696 1254
476 1169
396 941
1769 965
536 1537
1662 505
12 1441
436 1114
1744 219
1102 1835
1344 786
21 1325
903 427
771 1923
1848 814
378 531
652 1116
343 1521
1608 1218
1586 63
724 1626
1973 894
470 1320
577 397
947 634
1779 128
1971 1478
791 1270
568 787
735 1386
773 1649
1785 1526
1527 248
707 1742
1668 68
1419 1514
621 1155
1835 1736
1394 1831
1847 333
1343 241
557 1856
295 652
443 1699
1339 309
1912 1172
1177 791
261 1703
1325 740
218 461
431 1985
722 1141
745 76
956 1133
1075 668
91 1491
1623 419
850 1809
1833 1469
517 12
1773 558
1715 122
6 1178
1779 46
897 1812
1154 1816
1594 1240
46 983
746 326
1793 635
1014 1268
1469 864
615 272
306 921
1603 978
488 671
1816 226
1482 1832
1847 925
1824 1667
1742 131
1139 1116
349 975
1211 1303
1664 791
6 690
191 1757
1563 490
1451 1890
1060 1027
1548 348
531 514
1151 1018
157 416
1701 1998
1323 1819
1619 911
1580 1792
236 1387
277 1288
1951 1959
953 1476
959 865
1627 509
404 1994
1471 940
1250 599
646 1651
399 1116
196 1091
1634 924
35 922
1705 836
2 1746
786 741
1293 833
735 917
1631 640
1348 1316
1591 208
113 27
1499 767
508 1495
907 268
1650 777
1344 781
697 249
1882 83
898 10
1781 1044
1190 856
973 502
370 1526
87 367
1135 1439
1716 97
156 751
1927 1964
65 1651
768 646
517 238
1951 1391
1346 900
439 1182
586 871
770 940
1998 1549
833 1342
1045 1281
1875 362
1963 758
102 1462
213 368
393 825
1933 1393
850 485
923 143
1495 907
16 1538
791 1766
408 429
500 1759
749 395
1563 447
1930 1095
1614 1989
787 1089
560 344
600 88
1005 1852
1910 810
1094 1791
899 1030
152 1254
728 1615
1631 1275
1987 195
1101 1468
347 1235
1426 1733
746 292
708 1293
1917 1617
1561 1506
1953 597
1476 1578
798 376
1581 810
12 1671
668 688
1479 1896
71 833
1862 1543
1965 1656
1386 32
1593 1976
661 1559
34 642
241 658
584 1759
486 1896
1376 1276
7 1054
1170 974
1564 1402
1366 1461
927 85
1811 468
430 361
1489 261
1267 1382
127 983
905 1281
460 1150
1991 1077
897 63
905 1974
1581 793
1748 804
958 1996
276 975
1420 1929
197 1902
1372 245
1218 1862
1974 1492
1814 1980
832 993
636 1089
306 1194
1404 176
1070 762
707 1731
10 1148
537 251
1471 1828
538 1449
1206 1049
787 991
1517 1510
436 748
539 1876
1131 1097
1055 1843
1151 1229
1573 1070
757 421
37 214
964 1430
1969 710
1940 1745
763 911
255 1447
1081 1890
770 1894
1075 1423
1559 1159
1680 1435
5 515
912 1374
1081 1006
418 250
527 1008
1594 1478
304 1904
1792 782
3 644
349 49
1149 1014
1261 502
24 886
650 430
217 1726
14 1679
1193 611
390 87
1146 960
1359 1571
1348 1623
147 233
1474 777
980 559
1851 1484
432 1695
522 96
366 1007
669 1632
914 951
1007 341
1272 485
1047 916
1824 733
955 26
1907 95
1318 1003
1437 1744
739 1292
825 795
86 49
104 1557
625 1357
1636 1459
617 852
1945 1163
113 1141
1011 171
1024 1352
1076 1628
1 1582
1706 130
188 607
1240 1421
833 1507
1631 84
1406 1680
34 1722
1139 1689
707 1406
1698 1996
1695 1512
520 1820
172 971
2 731
498 92
889 1500
1981 324
922 1618
1072 321
746 927
425 1735
921 1343
150 1737
951 777
470 1283
430 1665
1957 1250
398 695
268 421
1636 919
67 557
90 1974
1007 1291
1744 502
834 1279
538 961
334 1454
1845 264
151 1969
1677 1567
1182 1156
1552 284
621 420
981 1688
1582 1580
1842 338
1910 1170
1744 870
1681 1750
1170 1570
1033 868
1950 1124
1207 1937
703 955
1448 1463
726 1082
32 1382
288 1604
439 577
1600 267
998 172
1446 1671
478 50
63 1694
862 1532
1501 1388
624 468
988 250
1136 277
515 242
930 1085
16 1882
804 1435
676 581
1537 930
292 298
846 639
1717 186
1768 1234
363 399
1913 632
1400 581
1320 1155
900 794
1929 543
1048 545
923 373
86 655
172 1779
1340 908
450 915
1786 1439
1875 589
627 803
948 58
991 329
1286 1639
146 308
69 468
683 867
1240 1497
1134 1747
1928 709
1609 1501
890 193
893 891
1060 647
36 632
153 814
36 58
1129 445
1733 296
1197 1700
144 1916
1574 100
1098 483
1230 652
1463 1056
1064 843
311 901
1248 1724
1914 1290
1440 782
1796 1328
1865 1827
181 1396
819 663
1397 863
287 1876
797 1180
1979 839
1561 370
924 488
209 777
948 1501
523 1117
1440 1003
860 1705
1810 1842
1029 1107
314 1222
14 1016
1993 1213
1236 1891
264 1439
782 1009
515 317
338 507
932 43
688 120
894 309
401 806
1848 643
1830 235
1355 1557
1248 1732
755 1885
1318 164
808 1286
1222 757
394 97
637 1922
292 1191
492 255
467 1282
401 1101
1732 1383
1156 1997
1134 512
886 1929
1017 851
503 233
1455 593
1449 1932
1811 1958
607 163
1780 137
1227 623
1835 318
159 1751
1532 1854
1503 285
1818 148
1534 464
547 611
1370 1669
463 1943
576 945
1694 1301
986 835
318 1737
1701 1803
1642 822
148 461
1942 917
668 1739
1403 1352
1063 1040
60 1669
720 1847
1742 1755
1986 1071
859 565
386 1510
221 43
614 253
1649 170
1572 1020
1226 1552
1572 1346
1807 1608
1261 223
416 1498
216 622
1694 729
1975 172
119 1464
1635 1690
516 1325
79 1263
829 117
1485 577
1184 689
1340 1009
463 1152
962 1872
403 783
355 998
986 647
135 821
828 830
639 1328
123 56
1153 875
1792 170
1122 933
704 780
1809 225
853 898
1154 1407
782 1343
248 995
502 1993
951 657
1117 1472
1637 937
1528 193
695 292
393 530
333 92
734 1144
1412 1060
521 99
1192 934
1487 455
911 1641
1683 666
1708 400
1825 960
805 1864
715 1117
1725 618
1156 1219
1750 986
1007 1603
182 1581
664 333
919 806
1339 1934
1297 484
935 1618
1198 292
82 974
363 100
276 1223
1390 244
1785 248
216 1785
113 1619
1047 1298
790 334
1957 305
1400 1862
811 432
64 950
1428 506
1346 1952
509 1039
1250 1976
1542 784
665 924
765 748
1535 174
264 637
948 637
810 1684
648 1021
1359 1109
1323 1428
1221 1688
431 1016
1830 1012
280 904
1166 1062
421 458
563 326
1102 1937
169 1303
1368 1076
1605 46
1086 116
750 1670
1210 360
995 1179
425 968
1168 1161
762 612
1158 1143
740 360
369 1386
522 774
415 1068
120 818
825 1003
1339 615
1241 86
1284 1218
1383 315
1935 1469
1613 798
1062 1053
1710 1750
993 401
1492 818
603 619
759 1567
477 1562
362 1679
1405 214
1996 1131
1695 1498
1266 1897
1933 859
519 1250
37 395
1018 963
186 1791
1892 1991
768 542
1707 359
406 584
1012 553
986 402
1364 1380
996 360
90 1796
1062 36
1845 1106
110 170
557 1555
252 1982
626 143
804 1830
1226 1332
1217 1623
991 904
1151 1748
956 507
1313 1295
1616 1242
1681 554
480 885
732 583
344 251
1701 1079
1455 284
1693 1479
67 799
586 1888
1540 124
820 1514
266 693
1464 694
1063 1259
