1000
500000000 44
500000000 581
500000000 725
500000000 756
500000000 927
500000000 649
500000000 694
500000000 890
500000000 419
500000000 798
500000000 778
500000000 111
500000000 493
500000000 169
500000000 745
500000000 969
500000000 624
500000000 276
500000000 325
500000000 208
500000000 646
500000000 752
500000000 346
500000000 489
500000000 450
500000000 485
500000000 714
500000000 364
500000000 415
500000000 218
500000000 869
500000000 312
500000000 500
500000000 902
500000000 851
500000000 748
500000000 825
500000000 149
500000000 97
500000000 283
500000000 903
500000000 915
500000000 56
500000000 822
500000000 976
500000000 661
500000000 682
500000000 162
500000000 299
500000000 321
500000000 11
500000000 176
500000000 634
500000000 333
500000000 888
500000000 788
500000000 842
500000000 996
500000000 332
500000000 518
500000000 797
500000000 858
500000000 615
500000000 300
500000000 37
500000000 874
500000000 953
500000000 182
500000000 298
500000000 529
500000000 840
500000000 93
500000000 667
500000000 964
500000000 989
500000000 286
500000000 630
500000000 141
500000000 848
500000000 146
500000000 987
500000000 340
500000000 943
500000000 252
500000000 619
500000000 116
500000000 270
500000000 309
500000000 823
500000000 131
500000000 663
500000000 809
500000000 482
500000000 638
500000000 766
500000000 914
500000000 14
500000000 773
500000000 800
500000000 64
500000000 648
500000000 316
500000000 607
500000000 837
500000000 654
500000000 906
500000000 737
500000000 750
500000000 490
500000000 296
500000000 896
500000000 460
500000000 974
500000000 248
500000000 683
500000000 392
500000000 547
500000000 327
500000000 793
500000000 875
500000000 571
500000000 938
500000000 475
500000000 161
500000000 983
500000000 365
500000000 675
500000000 39
500000000 442
500000000 591
500000000 721
500000000 871
500000000 302
500000000 723
500000000 336
500000000 741
500000000 335
500000000 376
500000000 730
500000000 613
500000000 104
500000000 289
500000000 200
500000000 347
500000000 824
500000000 760
500000000 21
500000000 181
500000000 819
500000000 850
500000000 15
500000000 784
500000000 804
500000000 695
500000000 539
500000000 735
500000000 191
500000000 555
500000000 258
500000000 328
500000000 923
500000000 738
500000000 954
500000000 775
500000000 817
500000000 305
500000000 528
500000000 611
500000000 838
500000000 151
500000000 827
500000000 642
500000000 20
500000000 68
500000000 394
500000000 548
500000000 534
500000000 152
500000000 956
500000000 42
500000000 67
500000000 542
500000000 865
500000000 747
500000000 124
500000000 279
500000000 404
500000000 787
500000000 909
500000000 51
500000000 446
500000000 231
500000000 569
500000000 688
500000000 562
500000000 946
500000000 253
500000000 272
500000000 696
500000000 785
500000000 30
500000000 292
500000000 816
500000000 876
500000000 535
500000000 664
500000000 82
500000000 266
500000000 759
500000000 583
500000000 383
500000000 979
500000000 395
500000000 973
500000000 413
500000000 782
500000000 962
500000000 625
500000000 478
500000000 228
500000000 942
500000000 588
500000000 190
500000000 598
500000000 106
500000000 703
500000000 520
500000000 13
500000000 643
500000000 676
500000000 46
500000000 115
500000000 24
500000000 368
500000000 907
500000000 52
500000000 4
500000000 61
500000000 293
500000000 88
500000000 399
500000000 724
500000000 284
500000000 998
500000000 702
500000000 791
500000000 473
500000000 761
500000000 945
500000000 439
500000000 16
500000000 891
500000000 372
500000000 668
500000000 584
500000000 836
500000000 5
500000000 452
500000000 297
500000000 183
500000000 601
500000000 849
500000000 961
500000000 32
500000000 109
500000000 260
500000000 608
500000000 644
500000000 662
500000000 263
500000000 393
500000000 527
500000000 894
500000000 846
500000000 143
500000000 474
500000000 774
500000000 405
500000000 789
500000000 145
500000000 981
500000000 934
500000000 604
500000000 944
500000000 637
500000000 301
500000000 468
500000000 602
500000000 12
500000000 792
500000000 274
500000000 155
500000000 645
500000000 988
500000000 83
500000000 172
500000000 533
500000000 884
500000000 65
500000000 949
500000000 9
500000000 860
500000000 194
500000000 396
500000000 36
500000000 179
500000000 820
500000000 754
500000000 763
500000000 117
500000000 957
500000000 294
500000000 538
500000000 526
500000000 905
500000000 188
500000000 219
500000000 339
500000000 185
500000000 377
500000000 553
500000000 290
500000000 197
500000000 744
500000000 484
500000000 209
500000000 282
500000000 108
500000000 805
500000000 23
500000000 267
500000000 872
500000000 41
500000000 247
500000000 355
500000000 163
500000000 242
500000000 657
500000000 717
500000000 436
500000000 808
500000000 513
500000000 845
500000000 171
500000000 417
500000000 318
500000000 928
500000000 978
500000000 609
500000000 709
500000000 577
500000000 610
500000000 53
500000000 771
500000000 81
500000000 241
500000000 859
500000000 963
500000000 138
500000000 153
500000000 920
500000000 576
500000000 495
500000000 826
500000000 75
500000000 704
500000000 971
500000000 563
500000000 691
500000000 406
500000000 524
500000000 313
500000000 912
500000000 391
500000000 678
500000000 140
500000000 716
500000000 410
500000000 674
500000000 690
500000000 133
500000000 764
500000000 926
500000000 167
500000000 381
500000000 681
500000000 749
500000000 227
500000000 186
500000000 549
500000000 375
500000000 739
500000000 780
500000000 78
500000000 291
500000000 680
500000000 911
500000000 412
500000000 531
500000000 594
500000000 156
500000000 670
500000000 560
500000000 136
500000000 459
500000000 50
500000000 213
500000000 698
500000000 656
500000000 866
500000000 886
500000000 351
500000000 429
500000000 769
500000000 948
500000000 879
500000000 123
500000000 132
500000000 6
500000000 687
500000000 361
500000000 366
500000000 605
500000000 17
500000000 126
500000000 389
500000000 647
500000000 344
500000000 537
500000000 443
500000000 727
500000000 217
500000000 254
500000000 235
500000000 201
500000000 34
500000000 586
500000000 261
500000000 844
500000000 105
500000000 803
500000000 342
500000000 770
500000000 128
500000000 585
500000000 632
500000000 491
500000000 655
500000000 204
500000000 986
500000000 434
500000000 512
500000000 629
500000000 257
500000000 127
500000000 400
500000000 641
500000000 684
500000000 112
500000000 135
500000000 288
500000000 362
500000000 544
500000000 341
500000000 369
500000000 120
500000000 447
500000000 522
500000000 304
500000000 354
500000000 310
500000000 481
500000000 277
500000000 220
500000000 134
500000000 85
500000000 295
500000000 424
500000000 972
500000000 195
500000000 101
500000000 574
500000000 758
500000000 966
500000000 35
500000000 711
500000000 856
500000000 593
500000000 49
500000000 374
500000000 467
500000000 90
500000000 215
500000000 652
500000000 952
500000000 73
500000000 326
500000000 713
500000000 66
500000000 96
500000000 275
500000000 343
500000000 519
500000000 273
500000000 487
500000000 831
500000000 378
500000000 794
500000000 509
500000000 225
500000000 515
500000000 84
500000000 472
500000000 834
500000000 371
500000000 933
500000000 965
500000000 118
500000000 307
500000000 458
500000000 566
500000000 573
500000000 901
500000000 125
500000000 960
500000000 407
500000000 338
500000000 757
500000000 207
500000000 618
500000000 958
500000000 334
500000000 732
500000000 883
500000000 666
500000000 936
500000000 455
500000000 113
500000000 462
500000000 437
500000000 60
500000000 408
500000000 414
500000000 671
500000000 306
500000000 139
500000000 159
500000000 206
500000000 616
500000000 255
500000000 783
500000000 453
500000000 308
500000000 863
500000000 477
500000000 251
500000000 597
500000000 885
500000000 612
500000000 409
500000000 479
500000000 559
500000000 568
500000000 796
500000000 543
500000000 658
500000000 359
500000000 469
500000000 121
500000000 480
500000000 494
500000000 651
500000000 557
500000000 130
500000000 38
500000000 660
500000000 226
500000000 19
500000000 63
500000000 178
500000000 779
500000000 222
500000000 119
500000000 233
500000000 990
500000000 867
500000000 940
500000000 319
500000000 592
500000000 862
500000000 726
500000000 853
500000000 144
500000000 947
500000000 967
500000000 329
500000000 95
500000000 422
500000000 164
500000000 882
500000000 935
500000000 380
500000000 772
500000000 303
500000000 166
500000000 937
500000000 129
500000000 868
500000000 742
500000000 48
500000000 720
500000000 910
500000000 72
500000000 430
500000000 893
500000000 57
500000000 232
500000000 997
500000000 807
500000000 454
500000000 941
500000000 992
500000000 403
500000000 416
500000000 821
500000000 995
500000000 843
500000000 69
500000000 762
500000000 932
500000000 7
500000000 59
500000000 580
500000000 28
500000000 514
500000000 908
500000000 398
500000000 517
500000000 731
500000000 70
500000000 223
500000000 622
500000000 692
500000000 733
500000000 719
500000000 170
500000000 147
500000000 924
500000000 777
500000000 753
500000000 488
500000000 975
500000000 925
500000000 982
500000000 457
500000000 861
500000000 918
500000000 110
500000000 210
500000000 451
500000000 314
500000000 350
500000000 99
500000000 323
500000000 516
500000000 790
500000000 483
500000000 603
500000000 582
500000000 812
500000000 198
500000000 239
500000000 356
500000000 633
500000000 786
500000000 587
500000000 746
500000000 767
500000000 311
500000000 818
500000000 2
500000000 214
500000000 384
500000000 977
500000000 751
500000000 402
500000000 579
500000000 917
500000000 114
500000000 673
500000000 929
500000000 237
500000000 278
500000000 428
500000000 712
500000000 353
500000000 92
500000000 710
500000000 887
500000000 22
500000000 501
500000000 540
500000000 203
500000000 432
500000000 857
500000000 740
500000000 510
500000000 659
500000000 320
500000000 855
500000000 45
500000000 337
500000000 464
500000000 29
500000000 994
500000000 570
500000000 950
500000000 423
500000000 993
500000000 367
500000000 216
500000000 504
500000000 984
500000000 870
500000000 62
500000000 621
500000000 806
500000000 672
500000000 471
500000000 1
500000000 463
500000000 889
500000000 426
500000000 552
500000000 922
500000000 269
500000000 250
500000000 653
500000000 259
500000000 833
500000000 315
500000000 561
500000000 589
500000000 701
500000000 665
500000000 919
500000000 202
500000000 47
500000000 330
500000000 331
500000000 363
500000000 492
500000000 734
500000000 175
500000000 397
500000000 699
500000000 431
500000000 640
500000000 729
500000000 550
500000000 626
500000000 76
500000000 628
500000000 271
500000000 230
500000000 985
500000000 810
500000000 970
500000000 317
500000000 811
500000000 196
500000000 91
500000000 852
500000000 8
500000000 192
500000000 386
500000000 551
500000000 532
500000000 421
500000000 718
500000000 599
500000000 627
500000000 847
500000000 27
500000000 98
500000000 440
500000000 322
500000000 433
500000000 370
500000000 525
500000000 693
500000000 352
500000000 829
500000000 873
500000000 728
500000000 499
500000000 173
500000000 357
500000000 420
500000000 74
500000000 878
500000000 445
500000000 799
500000000 234
500000000 939
500000000 1000
500000000 268
500000000 503
500000000 578
500000000 157
500000000 864
500000000 238
500000000 564
500000000 103
500000000 122
500000000 54
500000000 572
500000000 507
500000000 348
500000000 931
500000000 58
500000000 541
500000000 496
500000000 281
500000000 212
500000000 951
500000000 814
500000000 177
500000000 87
500000000 100
500000000 189
500000000 508
500000000 828
500000000 600
500000000 795
500000000 904
500000000 107
500000000 199
500000000 388
500000000 636
500000000 345
500000000 685
500000000 546
500000000 160
500000000 382
500000000 461
500000000 530
500000000 154
500000000 150
500000000 80
500000000 184
500000000 221
500000000 486
500000000 285
500000000 379
500000000 590
500000000 959
500000000 623
500000000 465
500000000 980
500000000 31
500000000 448
500000000 280
500000000 224
500000000 841
500000000 631
500000000 40
500000000 854
500000000 243
500000000 245
500000000 229
500000000 349
500000000 79
500000000 94
500000000 168
500000000 390
500000000 86
500000000 736
500000000 77
500000000 565
500000000 743
500000000 895
500000000 33
500000000 776
500000000 802
500000000 158
500000000 264
500000000 142
500000000 236
500000000 187
500000000 999
500000000 722
500000000 497
500000000 639
500000000 246
500000000 358
500000000 689
500000000 240
500000000 449
500000000 3
500000000 620
500000000 835
500000000 930
500000000 536
500000000 324
500000000 438
500000000 502
500000000 205
500000000 677
500000000 815
500000000 575
500000000 755
500000000 193
500000000 427
500000000 650
500000000 470
500000000 521
500000000 466
500000000 211
500000000 567
500000000 411
500000000 899
500000000 418
500000000 781
500000000 705
500000000 991
500000000 768
500000000 387
500000000 441
500000000 706
500000000 244
500000000 606
500000000 880
500000000 165
500000000 385
500000000 435
500000000 506
500000000 707
500000000 425
500000000 102
500000000 456
500000000 617
500000000 25
500000000 877
500000000 881
500000000 287
500000000 708
500000000 498
500000000 523
500000000 558
500000000 596
500000000 635
500000000 18
500000000 679
500000000 813
500000000 89
500000000 686
500000000 554
500000000 174
500000000 595
500000000 801
500000000 401
500000000 256
500000000 511
500000000 43
500000000 249
500000000 955
500000000 137
500000000 968
500000000 10
500000000 892
500000000 898
500000000 26
500000000 148
500000000 913
500000000 897
500000000 505
500000000 916
500000000 55
500000000 180
500000000 71
500000000 360
500000000 700
500000000 444
500000000 262
500000000 614
500000000 839
500000000 830
500000000 265
500000000 556
500000000 669
500000000 697
500000000 373
500000000 545
500000000 765
500000000 832
500000000 715
500000000 921
500000000 900
500000000 476
