1000
1 322
1 788
1 799
1 181
1 331
1 489
1 253
1 74
1 873
1 622
1 774
1 151
1 404
1 495
1 528
1 806
1 371
1 302
1 430
1 783
1 225
1 860
1 938
1 229
1 501
1 490
1 803
1 458
1 862
1 586
1 247
1 514
1 893
1 423
1 29
1 867
1 45
1 425
1 252
1 190
1 213
1 574
1 951
1 853
1 538
1 878
1 419
1 362
1 197
1 562
1 136
1 338
1 466
1 613
1 186
1 214
1 140
1 491
1 418
1 503
1 882
1 949
1 618
1 988
1 535
1 575
1 757
1 612
1 834
1 435
1 931
1 699
1 781
1 706
1 723
1 174
1 611
1 700
1 995
1 918
1 157
1 406
1 15
1 588
1 922
1 469
1 563
1 184
1 291
1 385
1 449
1 43
2 211
2 474
2 93
2 347
2 610
2 754
2 904
2 303
2 56
2 880
2 153
2 558
2 648
2 724
2 313
2 693
2 519
2 230
2 921
2 392
2 106
2 444
2 323
2 369
2 88
2 930
2 901
2 148
2 889
2 560
2 579
2 7
2 530
2 680
2 121
2 967
2 669
2 130
2 481
2 176
2 566
2 284
2 895
2 521
2 209
2 585
2 886
2 634
2 813
2 127
2 970
2 377
2 984
2 128
2 629
2 674
2 232
2 547
2 777
2 454
2 219
2 707
2 852
2 755
2 417
2 314
2 658
2 461
2 437
2 933
2 643
2 220
2 493
2 50
2 865
2 373
2 561
2 831
2 793
2 647
2 662
2 122
2 275
2 278
2 859
2 76
2 939
2 446
2 879
2 591
2 534
2 829
2 635
2 765
2 937
2 166
2 502
2 279
2 71
2 168
2 402
2 697
2 874
2 896
2 603
2 309
2 976
2 759
2 633
2 802
2 640
2 875
2 316
2 709
3 159
3 364
3 421
3 947
3 784
3 891
3 433
3 101
3 399
3 832
3 913
3 665
3 164
3 25
3 160
3 194
3 21
3 405
3 524
3 632
3 685
3 98
3 885
3 1000
3 548
3 387
3 881
3 386
3 228
3 436
3 816
3 407
3 256
3 990
3 9
3 59
3 650
3 675
3 498
3 798
3 376
3 927
3 623
3 708
3 193
3 360
3 443
3 959
3 673
3 22
3 727
3 903
3 448
3 366
3 102
3 73
3 380
3 217
3 627
3 751
3 869
3 78
3 3
3 507
3 456
3 200
3 84
3 606
3 237
3 571
3 841
3 730
3 286
3 332
3 957
3 537
3 337
3 499
3 974
3 236
3 679
3 817
3 201
3 541
3 804
3 473
3 343
3 281
3 202
3 333
3 80
3 942
3 51
3 75
3 34
3 750
3 800
3 624
3 840
3 721
3 420
3 67
3 292
3 515
3 871
3 578
3 694
3 310
3 414
3 125
3 187
3 576
3 780
3 330
3 590
3 305
3 415
3 478
3 811
3 639
3 924
3 294
4 492
4 645
4 906
4 486
4 104
4 146
4 677
4 312
4 851
4 259
4 224
4 545
4 90
4 791
4 649
4 550
4 915
4 961
4 54
4 512
4 304
4 145
4 261
4 198
4 770
4 520
4 38
4 439
4 287
4 85
4 70
4 506
4 686
4 556
4 532
4 609
4 615
4 969
4 778
4 992
4 646
4 462
4 234
4 733
4 216
4 355
4 565
4 691
4 861
4 856
4 801
4 135
4 963
4 315
4 154
4 178
4 941
4 109
4 553
4 593
4 950
4 725
4 898
4 345
4 572
4 251
4 158
4 855
4 838
4 987
4 42
4 569
4 775
4 960
4 271
4 189
4 340
4 167
4 95
4 671
4 396
4 794
4 543
4 288
4 823
5 24
5 19
5 517
5 226
5 12
5 488
5 129
5 81
5 381
5 790
5 39
5 899
5 954
5 185
5 83
5 719
5 818
5 429
5 651
5 17
5 301
5 410
5 41
5 631
5 99
5 955
5 112
5 768
5 718
5 412
5 544
5 152
5 139
5 626
5 388
5 513
5 282
5 4
5 283
5 192
5 628
5 479
5 776
5 821
5 698
5 732
5 690
5 738
5 887
5 346
5 94
5 222
5 274
5 769
5 605
5 682
5 625
5 199
5 912
5 850
5 107
5 966
5 89
5 894
5 424
5 944
5 339
5 928
5 940
5 464
5 389
5 837
5 438
5 296
5 311
5 953
5 40
5 432
5 666
5 195
5 400
5 964
5 353
5 608
5 601
5 191
5 956
5 49
5 540
5 786
5 205
5 363
5 349
5 177
5 246
5 600
5 722
5 348
5 467
5 710
5 342
5 552
5 249
5 358
5 743
5 920
6 965
6 119
6 395
6 782
6 972
6 583
6 48
6 46
6 357
6 162
6 630
6 652
6 908
6 204
6 704
6 762
6 531
6 815
6 642
6 133
6 573
6 654
6 11
6 82
6 134
6 836
6 378
6 96
6 518
6 577
6 53
6 980
6 555
6 883
6 527
6 14
6 890
6 484
6 374
6 695
6 714
6 13
6 233
6 110
6 773
6 87
6 943
6 810
6 741
6 796
6 870
6 659
6 179
6 979
6 857
6 266
6 208
6 897
6 455
6 483
6 8
6 356
6 536
6 739
6 257
6 681
6 866
6 487
6 825
6 752
6 451
6 977
6 379
6 324
6 117
6 663
6 459
6 120
6 843
6 826
6 542
6 678
6 428
6 764
6 383
6 833
6 661
6 182
6 361
6 308
6 582
6 92
6 998
6 57
6 477
6 169
6 149
6 567
6 272
7 729
7 637
7 641
7 494
7 522
7 602
7 858
7 854
7 482
7 142
7 351
7 453
7 116
7 720
7 761
7 206
7 756
7 863
7 607
7 614
7 968
7 715
7 18
7 717
7 147
7 523
7 468
7 712
7 996
7 910
7 902
7 835
7 644
7 63
7 470
7 141
7 758
7 427
7 242
7 568
7 235
7 916
7 546
7 983
7 581
7 847
7 824
7 554
7 26
7 250
7 985
7 819
7 450
7 103
7 150
7 69
7 365
7 5
7 452
7 165
7 422
7 508
7 394
7 962
7 321
7 270
7 620
7 687
7 830
7 264
7 131
7 936
7 844
7 64
7 616
7 262
7 183
7 892
7 91
7 864
7 408
7 807
7 660
7 472
7 747
7 923
7 138
7 196
7 476
7 753
7 696
7 372
7 221
7 734
7 163
8 143
8 504
8 248
8 44
8 766
8 188
8 442
8 231
8 319
8 105
8 156
8 653
8 77
8 1
8 118
8 2
8 300
8 16
8 748
8 795
8 551
8 60
8 244
8 218
8 28
8 273
8 814
8 599
8 243
8 580
8 564
8 900
8 328
8 604
8 511
8 496
8 290
8 409
8 849
8 497
8 97
8 245
8 368
8 919
8 108
8 384
8 971
8 23
8 20
8 997
8 35
8 344
8 598
8 917
8 559
8 431
8 61
8 664
8 367
8 846
8 868
8 401
8 47
8 144
8 268
8 760
8 736
8 403
8 986
8 258
8 638
8 68
8 932
8 672
8 667
8 713
8 745
8 935
8 914
8 416
8 86
8 30
8 505
8 656
8 326
8 500
8 32
8 111
8 210
8 516
8 587
8 594
8 589
8 684
8 711
8 839
9 772
9 945
9 31
9 370
9 115
9 485
9 55
9 670
9 123
9 447
9 434
9 463
9 240
9 934
9 797
9 926
9 657
9 787
9 126
9 905
9 132
9 749
9 223
9 744
9 982
9 318
9 688
9 113
9 692
9 848
9 689
9 58
9 619
9 828
9 716
9 263
9 827
9 526
9 100
9 269
9 215
9 114
9 72
9 557
9 441
9 946
9 293
9 10
9 726
9 702
9 471
9 375
9 203
9 994
9 295
9 789
9 307
9 549
9 255
9 336
9 398
9 735
9 779
9 792
9 909
9 991
9 993
9 207
9 763
9 876
9 171
9 27
9 445
9 592
9 37
9 325
9 884
9 655
9 981
9 327
9 212
9 872
9 227
9 161
9 584
9 36
9 525
9 728
9 180
9 460
9 973
9 137
9 241
9 155
9 617
9 265
9 958
9 570
9 170
9 289
9 989
9 350
9 676
9 701
9 440
9 413
9 877
10 276
10 533
10 845
10 267
10 737
10 636
10 475
10 808
10 299
10 465
10 771
10 124
10 6
10 785
10 529
10 911
10 329
10 391
10 297
10 457
10 740
10 277
10 173
10 480
10 999
10 397
10 335
10 393
10 509
10 306
10 341
10 595
10 254
10 703
10 285
10 238
10 390
10 907
10 359
10 52
10 731
10 925
10 260
10 334
10 929
10 952
10 320
10 742
10 767
10 596
10 426
10 978
10 888
10 510
10 317
10 411
10 809
10 822
10 597
10 33
10 842
10 805
10 175
10 62
10 298
10 975
10 705
10 382
10 66
10 539
10 65
10 79
10 668
10 812
10 280
10 820
10 239
10 683
10 621
10 172
10 352
10 354
10 948
10 746
