1000
1 4
1 359
1 101
1 616
1 55
1 122
2 585
2 84
2 733
2 553
2 129
2 625
2 461
2 935
3 169
3 224
3 679
3 112
3 910
3 262
3 451
3 918
3 100
3 244
4 880
4 741
4 161
4 146
4 306
4 173
4 509
4 324
4 889
4 368
4 147
5 607
5 292
5 897
5 533
5 322
5 171
5 353
5 182
5 798
5 683
6 989
6 476
6 390
6 982
6 131
7 912
7 97
7 648
7 621
7 998
7 602
7 434
7 325
7 512
7 82
7 281
7 574
7 329
7 95
7 753
8 49
8 782
8 871
8 532
8 48
8 232
8 399
8 759
8 380
8 676
8 546
8 151
8 724
8 978
8 201
8 379
8 927
8 474
8 59
9 702
9 502
9 458
9 280
9 878
9 515
9 934
9 239
9 855
9 618
10 739
10 547
10 720
10 570
10 13
10 250
10 482
10 658
10 874
10 747
10 245
11 770
11 917
11 873
11 34
11 562
11 358
11 944
11 785
11 19
11 408
11 284
11 7
12 710
12 957
12 526
12 540
12 483
12 62
12 81
12 652
13 503
13 846
13 694
13 363
13 52
13 749
13 277
13 541
14 559
14 318
14 608
14 177
14 654
14 993
14 954
14 412
14 627
14 337
14 670
15 421
15 221
15 581
15 838
15 386
15 154
15 307
15 991
15 267
15 632
15 555
15 920
16 218
16 9
16 475
16 180
16 735
16 319
16 460
16 684
17 400
17 29
17 911
17 893
17 794
17 261
17 321
17 89
17 938
18 525
18 351
18 409
18 365
18 86
19 315
19 748
19 293
19 123
19 898
19 534
19 729
19 646
20 517
20 389
20 987
20 542
20 416
20 556
20 552
20 744
20 860
20 688
20 392
20 597
20 11
20 339
21 450
21 894
21 426
21 999
21 223
21 16
21 487
21 105
21 586
21 373
21 788
21 165
21 728
21 784
21 852
21 116
21 769
21 863
22 569
22 661
22 664
22 384
22 983
22 407
22 90
22 519
22 528
22 166
22 214
23 639
23 783
23 722
23 206
23 268
23 158
23 719
23 71
23 414
24 403
24 931
24 703
24 754
25 767
25 907
25 21
25 257
25 36
25 366
25 253
25 455
25 529
25 335
26 757
26 236
26 102
26 45
26 756
26 150
26 716
26 697
26 772
27 397
27 832
27 54
27 714
27 505
27 488
27 685
27 432
27 774
27 145
28 926
28 58
28 681
28 992
28 376
28 423
29 30
29 348
29 835
29 70
29 115
29 243
29 79
29 751
29 305
29 398
29 650
29 866
29 296
29 395
29 41
30 65
30 498
30 773
30 5
30 742
30 524
30 795
30 743
30 217
30 807
31 822
31 378
31 255
31 899
31 352
31 668
31 985
31 15
31 74
31 480
31 589
31 877
31 26
32 452
32 191
32 522
32 790
32 39
33 600
33 750
33 418
33 677
33 194
33 797
33 988
33 205
34 312
34 951
34 810
34 174
34 317
34 611
34 334
34 973
35 979
35 447
35 136
35 453
35 902
35 962
35 38
35 208
35 76
35 865
35 941
35 875
35 780
36 800
36 202
36 275
36 326
36 274
36 429
37 133
37 649
37 823
37 881
37 996
37 340
37 771
37 834
37 620
37 966
37 820
37 624
37 142
37 636
37 706
38 295
38 551
38 271
38 424
38 959
38 330
38 673
38 468
38 848
38 303
38 159
38 387
38 868
38 50
39 766
39 579
39 723
39 689
39 349
39 42
39 446
39 486
39 350
39 285
39 839
40 1000
40 535
40 787
40 60
40 583
40 813
40 66
40 485
40 290
40 40
40 613
40 711
41 862
41 176
41 168
41 78
41 691
41 470
41 802
41 188
41 587
41 601
41 981
41 198
41 842
41 603
41 516
41 506
41 374
41 672
42 518
42 148
42 443
42 803
42 619
42 840
42 410
42 222
42 599
42 405
42 635
42 831
42 251
42 413
42 396
42 558
42 328
42 936
42 466
42 435
43 713
43 643
43 856
43 575
43 135
43 544
43 283
43 928
43 120
43 346
43 428
43 678
44 370
44 904
44 859
44 213
44 761
44 219
44 61
44 189
44 961
44 231
45 272
45 763
45 23
45 837
45 746
45 385
45 463
45 110
45 320
45 565
45 640
45 709
45 921
45 628
46 207
46 592
46 732
46 595
46 411
46 33
46 949
46 623
46 937
47 490
47 356
47 596
47 970
47 610
47 361
47 183
47 121
47 333
47 669
47 799
48 653
48 805
48 233
48 604
48 152
48 137
48 113
48 92
48 88
48 393
49 830
49 445
49 437
49 14
50 824
50 246
50 571
50 638
50 901
50 132
50 119
50 690
50 53
50 884
50 259
50 671
50 815
50 736
50 287
50 609
51 578
51 814
51 440
51 181
51 438
51 659
51 85
51 530
51 520
52 388
52 657
52 294
52 527
52 948
52 497
52 908
53 496
53 847
53 637
53 203
53 377
53 47
53 521
53 762
53 545
53 187
53 953
54 812
54 289
54 404
54 828
54 833
54 867
54 864
55 344
55 254
55 827
55 230
55 844
55 473
55 265
55 594
55 764
55 986
55 237
56 37
56 965
56 209
56 786
56 302
56 707
56 258
56 32
56 57
56 682
56 507
56 914
56 513
57 215
57 850
57 25
57 367
57 851
57 593
57 906
58 922
58 903
58 760
58 968
58 984
58 883
58 143
59 160
59 510
59 727
59 8
59 157
59 781
59 943
59 605
59 645
59 956
59 197
60 286
60 971
60 73
60 391
60 126
60 465
60 704
60 836
60 717
60 567
61 162
61 752
61 420
61 789
61 357
61 149
61 300
61 248
61 125
62 266
62 614
62 730
62 381
62 442
62 508
63 178
63 80
63 554
63 588
63 313
63 930
63 665
64 977
64 226
64 584
64 242
64 24
65 501
65 890
65 362
65 481
65 726
65 715
65 891
65 210
65 336
66 629
66 631
66 422
66 841
66 419
66 297
67 98
67 612
67 138
67 950
67 417
67 913
67 106
67 327
67 10
67 663
68 590
68 163
68 557
68 228
68 675
68 316
68 923
68 577
68 31
68 35
69 500
69 433
69 960
69 887
69 826
69 394
69 492
69 738
69 96
69 491
70 909
70 3
70 204
70 190
70 439
70 43
70 692
70 882
71 995
71 111
71 234
71 543
71 200
71 117
71 114
71 64
71 745
71 861
71 758
72 734
72 156
72 27
72 642
72 740
72 124
72 347
72 857
72 141
72 144
72 573
72 193
72 17
72 655
72 484
73 127
73 687
73 107
73 454
73 185
73 83
73 99
73 241
73 536
73 298
74 849
74 309
74 705
74 793
74 818
75 134
75 829
75 776
75 775
75 28
75 947
76 401
76 227
76 164
76 360
76 18
76 247
76 467
76 825
76 478
76 494
76 523
76 46
76 945
77 278
77 656
77 942
77 708
77 853
77 264
77 343
77 667
77 263
77 310
77 504
77 456
77 870
77 879
78 448
78 276
78 538
78 431
78 260
78 886
78 845
78 698
78 821
78 238
78 566
78 51
78 240
78 561
78 952
78 946
78 383
79 212
79 514
79 449
79 179
79 291
79 311
80 660
80 427
80 457
80 924
80 338
80 279
80 630
80 93
80 199
80 1
80 872
80 104
80 354
80 606
81 235
81 549
81 308
81 139
81 980
82 680
82 108
82 888
82 666
82 167
82 371
82 140
83 153
83 436
83 471
83 929
83 493
83 184
83 87
83 791
84 778
84 725
84 940
84 572
84 806
84 444
84 997
85 192
85 172
85 462
85 932
86 712
86 382
86 196
86 175
86 933
86 563
87 511
87 67
87 270
87 916
87 415
87 969
87 777
87 441
87 591
87 915
87 647
87 211
87 674
87 686
87 44
88 731
88 364
88 796
88 633
88 963
88 626
88 695
89 975
89 299
89 580
89 406
89 477
89 22
89 342
89 229
89 662
90 967
90 819
90 249
90 130
90 464
90 994
90 895
90 644
90 314
90 615
90 816
90 304
90 469
90 876
90 550
90 808
90 256
90 939
91 718
91 765
91 472
91 896
91 548
91 811
91 186
91 892
91 755
91 858
91 809
91 792
91 273
92 972
92 332
92 288
92 195
92 537
92 699
92 225
92 801
92 539
92 56
92 282
93 495
93 974
93 323
93 768
93 696
93 369
93 531
93 641
93 103
93 63
93 155
93 68
94 372
94 958
94 2
94 77
94 345
94 301
94 843
94 701
95 634
95 128
95 900
95 402
95 598
95 331
95 854
95 885
96 375
96 817
96 355
96 479
96 700
96 72
96 905
96 568
96 925
96 252
96 617
97 6
97 216
97 964
97 499
97 737
97 693
97 69
97 425
98 20
98 91
98 560
98 94
98 75
98 12
98 622
98 489
98 109
98 721
98 576
99 779
99 869
99 170
99 269
99 976
99 919
99 341
99 459
99 564
99 582
100 955
100 118
100 651
100 990
100 804
100 430
100 220
