1000
1 700
2 233
3 732
3 500
5 561
6 398
7 386
7 878
8 111
8 291
8 382
9 432
10 689
11 122
12 457
13 766
13 429
14 40
14 14
16 379
17 12
17 49
17 438
18 569
18 234
19 34
20 986
21 758
23 829
24 468
24 866
29 825
35 730
35 257
38 181
38 121
38 453
39 558
39 140
40 226
42 439
43 779
45 124
47 928
47 646
47 388
47 698
48 66
48 939
54 559
54 473
55 17
55 751
58 550
59 737
59 703
61 417
61 820
61 158
62 74
62 598
63 241
64 210
64 694
67 303
68 667
68 224
69 304
70 620
70 395
73 664
73 513
75 956
78 173
83 64
83 880
84 629
85 305
85 843
85 427
85 584
86 165
94 70
94 341
94 33
95 530
97 706
98 80
99 337
100 411
101 454
104 154
104 543
105 870
106 539
109 182
109 636
113 378
113 918
113 743
114 697
114 483
116 199
116 728
117 788
117 105
118 94
119 24
120 330
122 702
124 98
124 235
125 882
126 424
127 387
127 86
130 426
130 367
131 603
131 535
131 356
133 277
134 929
135 194
138 666
138 508
140 759
141 974
141 21
143 414
144 856
145 396
148 916
149 786
150 23
152 836
152 532
152 860
153 748
153 324
153 628
153 97
154 886
155 469
157 621
157 787
162 450
162 951
165 687
165 197
166 993
166 964
167 555
168 781
168 102
168 996
169 670
171 942
173 803
174 665
174 940
174 408
176 376
176 301
176 529
177 353
177 437
178 771
178 263
179 285
179 839
180 380
181 612
181 868
182 366
184 447
185 862
185 777
185 962
191 195
192 446
195 458
198 542
200 9
200 514
200 167
201 533
201 373
201 635
202 902
204 504
208 415
209 445
209 691
210 747
213 52
214 885
215 582
215 274
215 953
216 681
216 596
216 579
219 345
221 949
222 45
222 183
225 177
225 959
227 998
228 335
229 761
230 466
232 488
234 947
234 978
234 119
235 260
237 431
238 187
238 507
238 267
239 118
241 156
243 326
243 733
245 147
246 780
248 237
248 75
249 660
249 375
250 103
251 673
252 308
253 464
254 188
254 192
254 784
257 961
257 967
258 489
259 244
261 568
262 806
262 922
263 261
266 897
267 516
267 434
268 935
269 25
270 705
270 391
270 546
272 795
272 339
273 275
275 960
275 107
275 574
275 724
276 262
276 821
276 142
278 106
279 796
280 36
281 575
283 817
284 989
285 985
285 475
288 605
289 729
289 618
293 209
295 406
297 977
298 484
299 101
299 802
300 876
301 37
302 39
303 440
304 822
304 583
305 407
306 833
306 945
306 531
306 456
308 586
311 82
312 680
312 459
313 966
314 354
314 61
314 972
315 958
317 259
318 625
320 510
320 273
322 744
324 96
325 919
325 571
326 652
329 750
331 81
332 614
332 29
332 813
332 7
335 62
336 38
340 934
340 952
342 403
342 247
344 799
344 56
345 808
346 944
347 327
347 157
347 383
347 651
347 497
350 704
353 230
354 776
354 679
354 769
354 641
355 695
356 554
358 572
359 881
359 323
363 798
363 785
364 782
364 498
364 643
366 320
367 903
367 60
367 772
368 283
370 888
371 610
371 164
372 830
372 801
373 253
373 932
374 132
378 849
379 358
379 59
380 971
381 690
384 67
384 231
384 83
385 982
386 645
387 205
387 26
388 163
388 783
388 430
390 490
390 604
390 2
390 869
391 486
391 69
392 95
395 587
395 970
395 250
397 864
398 573
399 201
400 965
401 617
401 557
401 298
402 343
405 794
408 752
409 879
409 128
410 217
411 487
412 650
413 778
418 196
419 948
422 43
422 895
424 900
424 115
426 905
426 127
426 394
427 609
428 606
430 211
432 847
432 405
434 753
435 770
435 992
436 198
437 656
437 251
438 684
439 312
439 811
441 11
441 344
442 994
442 999
443 844
444 789
446 995
446 404
447 238
449 669
450 601
451 877
452 480
452 208
453 355
454 139
454 499
455 42
457 814
458 613
458 35
459 950
459 452
459 299
460 184
461 53
463 41
463 159
463 834
469 991
471 522
471 216
471 726
472 84
475 348
476 816
476 443
477 933
479 889
481 763
482 567
485 422
485 223
487 476
487 637
488 709
488 810
490 441
491 284
492 765
493 311
493 175
494 983
500 170
500 859
501 515
502 528
503 773
504 27
506 915
507 338
507 436
509 560
511 884
514 371
514 580
519 365
519 607
520 875
520 203
523 517
524 955
525 389
525 282
525 899
526 136
527 686
527 984
529 894
530 409
530 178
530 143
531 4
531 117
532 541
533 576
533 980
534 906
534 3
535 540
536 503
537 741
538 471
541 842
541 48
542 478
542 768
543 831
543 333
545 92
545 936
547 523
548 421
549 350
550 202
550 385
551 762
551 357
552 851
552 126
552 492
554 89
554 941
554 485
559 549
560 699
560 774
561 296
561 511
562 867
565 828
566 570
567 578
568 593
570 805
574 242
575 351
576 213
580 302
581 227
582 807
583 18
584 91
584 857
584 236
588 461
591 755
591 472
591 265
594 556
594 976
595 307
596 727
596 137
597 221
598 644
599 246
599 120
600 108
600 552
601 975
602 114
603 58
604 873
604 608
605 632
605 565
606 269
606 721
607 716
608 397
612 749
612 537
612 374
613 826
614 474
615 566
615 314
616 544
617 402
618 838
621 315
621 764
621 649
623 501
623 63
624 129
625 22
626 854
627 87
627 174
629 957
629 30
630 255
631 930
633 1
633 846
634 734
634 647
636 671
638 266
640 858
640 674
641 738
641 616
642 144
644 68
645 76
645 280
646 153
647 19
648 444
650 804
650 979
652 494
652 50
653 973
654 597
657 319
659 874
659 463
659 325
660 72
663 390
666 815
668 300
668 775
674 619
676 477
676 392
677 225
677 381
678 526
678 10
679 425
679 270
681 701
682 600
682 622
683 653
683 896
683 519
685 837
685 161
685 481
686 735
686 675
688 739
688 742
690 160
692 599
695 890
697 131
697 1000
697 88
698 845
698 176
699 968
700 630
700 891
705 104
707 692
709 435
710 898
710 482
712 685
713 286
716 676
716 855
717 109
717 85
717 655
718 116
718 293
719 328
719 332
719 264
719 658
721 911
721 220
734 946
736 448
737 47
739 602
739 110
740 740
740 909
741 708
743 638
744 232
746 306
746 442
747 987
747 204
748 13
748 113
749 624
749 321
750 79
750 496
750 331
750 189
751 360
752 413
754 465
756 907
756 648
756 292
757 162
757 715
758 545
759 757
759 8
761 416
761 920
761 809
762 524
762 152
762 340
762 20
763 281
764 336
766 594
767 943
768 229
769 969
769 790
769 506
770 219
771 289
773 714
773 166
774 65
775 372
780 824
780 150
782 518
783 502
783 287
785 77
785 659
788 912
788 505
789 892
790 349
791 46
794 352
795 100
797 589
798 179
801 562
802 913
802 718
805 460
806 720
808 848
808 997
809 418
809 722
809 278
810 812
812 169
812 491
813 15
814 384
816 835
816 925
817 756
817 527
818 370
819 90
820 245
821 883
822 470
823 865
824 717
824 123
825 112
825 591
827 520
827 288
828 639
829 254
829 5
830 318
831 363
831 133
832 240
832 990
833 186
833 141
835 239
835 193
836 361
836 548
836 191
839 258
840 317
842 719
842 654
842 44
843 688
843 249
845 206
846 462
846 78
849 642
849 634
849 134
850 99
851 861
853 926
858 214
859 725
861 819
861 168
861 707
861 185
862 627
863 853
863 924
864 893
866 910
868 938
869 590
870 433
873 793
873 657
873 412
875 294
875 364
876 467
876 871
877 130
877 661
878 316
879 55
880 760
883 553
883 585
884 268
884 640
885 683
886 93
887 310
888 908
888 393
888 818
888 677
889 800
890 852
892 151
893 32
894 479
894 663
895 180
896 276
896 401
897 71
897 423
899 525
900 797
902 931
903 295
903 832
904 564
904 309
905 682
907 313
908 615
908 746
909 28
909 6
910 954
912 243
912 509
913 138
913 840
915 322
916 252
916 696
916 215
918 841
918 359
919 54
919 595
920 31
921 190
922 451
923 346
924 581
925 155
925 592
925 534
926 633
927 710
927 222
927 149
927 369
928 887
929 362
929 712
930 248
930 148
931 420
932 693
932 577
933 329
934 271
935 754
936 547
937 399
944 410
944 297
944 672
944 228
945 551
947 57
947 218
948 678
948 290
950 212
950 923
951 51
954 536
954 400
955 495
956 623
959 917
959 631
959 723
959 428
960 588
962 279
963 449
964 904
965 963
966 521
967 16
967 145
968 347
969 863
969 207
970 493
970 256
971 927
972 73
972 342
972 937
976 731
976 146
976 791
977 626
977 713
979 135
979 872
981 745
981 827
981 792
982 419
982 662
983 981
983 200
984 767
985 736
985 172
986 563
987 368
988 455
988 850
989 538
989 914
989 988
989 921
990 611
991 711
991 171
991 377
991 272
991 512
993 901
995 125
995 668
997 823
1000 334
