1000
9 993
24 794
27 42
28 494
29 436
32 732
52 294
72 336
75 48
87 400
97 142
112 831
119 397
128 59
130 839
136 8
141 21
143 960
146 796
158 435
171 363
224 122
226 181
227 571
230 804
233 625
255 332
257 98
257 668
259 618
269 979
274 472
281 70
328 451
337 484
340 1000
342 212
344 665
367 967
369 736
374 338
378 688
383 416
391 650
394 28
401 706
403 972
410 912
414 240
458 566
461 808
462 223
470 881
487 224
496 315
498 683
522 477
523 974
531 56
541 624
544 550
553 579
563 506
573 915
580 453
584 921
614 429
617 163
629 53
631 914
642 740
669 848
685 704
692 502
699 984
732 792
772 376
774 424
782 505
798 219
800 565
806 594
812 845
841 448
859 54
860 978
892 809
900 159
903 767
924 116
929 67
930 552
931 962
941 537
968 255
986 971
992 320
996 464
1007 1
1036 580
1041 193
1043 395
1053 828
1058 595
1062 948
1064 970
1079 679
1092 44
1101 713
1107 136
1138 153
1143 564
1147 331
1151 823
1151 520
1157 384
1158 685
1159 541
1177 774
1183 616
1185 441
1216 548
1247 711
1275 991
1294 536
1297 57
1313 173
1323 961
1339 303
1354 6
1366 639
1371 96
1375 149
1388 913
1421 465
1429 323
1435 304
1438 439
1444 966
1454 470
1458 446
1466 800
1485 673
1490 842
1499 15
1501 519
1517 802
1542 378
1543 672
1546 964
1547 140
1559 764
1561 499
1562 630
1571 500
1584 765
1589 246
1592 177
1605 768
1612 841
1615 72
1622 413
1625 885
1626 160
1628 145
1629 743
1630 551
1631 452
1646 267
1648 602
1678 540
1681 134
1702 892
1711 174
1716 927
1719 780
1721 707
1727 251
1740 447
1754 909
1756 846
1776 237
1802 790
1808 19
1808 187
1831 857
1838 509
1849 133
1883 71
1887 870
1895 162
1912 523
1913 812
1932 352
1938 420
1953 524
1960 371
1964 101
1968 445
1968 119
1980 87
1992 261
2002 621
2017 641
2019 266
2029 516
2046 824
2058 864
2069 199
2077 850
2094 88
2098 532
2138 382
2148 917
2150 805
2153 206
2166 151
2199 559
2207 906
2218 214
2248 643
2275 649
2303 289
2353 956
2369 58
2369 459
2386 589
2391 37
2395 369
2402 14
2432 676
2432 593
2440 739
2453 327
2454 387
2456 263
2459 185
2462 184
2482 954
2485 705
2485 886
2490 529
2500 33
2524 207
2528 590
2560 129
2573 576
2577 729
2590 316
2596 274
2605 874
2642 667
2651 25
2652 903
2671 603
2685 312
2690 99
2690 998
2700 490
2704 243
2708 791
2710 305
2724 111
2724 687
2728 878
2738 985
2746 314
2748 703
2750 117
2772 104
2788 34
2821 760
2828 18
2834 428
2858 694
2899 511
2906 570
2932 141
2948 408
2954 742
2972 213
2989 348
3000 871
3018 569
3030 65
3036 724
3061 317
3062 2
3066 518
3071 671
3073 654
3073 527
3086 696
3107 381
3124 403
3137 292
3139 910
3143 211
3148 663
3160 719
3162 5
3168 507
3169 867
3196 861
3201 74
3219 628
3224 483
3250 440
3268 517
3284 205
3293 680
3298 110
3300 308
3323 333
3327 232
3335 530
3339 418
3349 172
3350 169
3362 176
3373 619
3388 856
3398 92
3418 124
3419 631
3444 674
3455 855
3489 648
3491 701
3499 247
3518 130
3524 737
3533 847
3539 877
3546 22
3555 895
3563 322
3573 582
3581 339
3598 836
3604 949
3613 788
3647 585
3662 574
3665 260
3682 492
3692 821
3694 225
3702 293
3707 275
3708 228
3712 487
3713 844
3717 26
3732 601
3743 778
3750 414
3753 938
3764 981
3768 884
3772 591
3778 612
3785 389
3796 629
3798 775
3798 478
3807 773
3813 167
3825 349
3826 547
3831 561
3869 617
3872 622
3887 329
3889 457
3915 862
3916 588
3931 460
3972 380
3991 272
3993 84
4000 132
4001 922
4013 399
4034 283
4041 789
4048 983
4048 306
4056 201
4073 522
4095 583
4129 144
4137 49
4147 810
4149 60
4150 493
4157 473
4159 100
4167 468
4175 250
4183 995
4187 79
4202 290
4202 179
4246 610
4262 168
4271 731
4286 911
4286 62
4297 859
4327 385
4344 658
4374 698
4375 288
4381 421
4384 182
4386 105
4410 661
4411 148
4423 462
4436 273
4457 229
4478 52
4482 455
4505 310
4513 710
4517 422
4541 36
4542 700
4555 282
4562 557
4565 873
4587 528
4602 444
4625 196
4626 725
4629 103
4640 894
4641 733
4649 897
4657 91
4669 313
4688 807
4694 344
4738 889
4778 13
4805 937
4812 854
4814 89
4826 840
4838 726
4848 556
4893 226
4903 377
4907 367
4913 114
4927 908
4935 609
4941 838
4941 407
4947 165
4960 623
4972 826
4986 581
5000 879
5005 712
5019 722
5019 326
5021 164
5025 307
5053 449
5055 488
5056 155
5075 220
5124 69
5152 415
5180 127
5180 835
5187 345
5200 411
5202 620
5202 512
5228 987
5229 817
5232 276
5252 476
5253 891
5254 409
5284 656
5296 370
5313 192
5335 417
5341 762
5345 318
5350 257
5371 994
5389 939
5399 965
5406 657
5408 311
5417 11
5423 947
5456 691
5468 607
5469 4
5485 779
5490 139
5505 175
5511 689
5524 876
5538 146
5547 191
5548 235
5555 467
5562 47
5573 638
5574 929
5576 204
5581 434
5587 330
5608 799
5646 533
5649 783
5656 647
5668 851
5672 443
5691 573
5694 361
5696 677
5703 45
5708 362
5718 242
5726 931
5730 560
5733 575
5735 335
5743 918
5744 286
5746 351
5753 558
5764 745
5779 359
5791 721
5799 469
5801 980
5838 741
5849 269
5859 787
5867 249
5867 210
5870 463
5893 675
5901 189
5909 751
5910 827
5910 651
5934 686
5937 682
5965 343
5975 342
5985 818
5995 766
5997 97
6017 298
6022 386
6027 295
6042 756
6048 781
6056 113
6062 797
6065 634
6088 471
6090 982
6094 372
6109 942
6120 587
6125 869
6130 319
6136 244
6138 753
6142 401
6143 684
6153 957
6158 633
6171 872
6180 626
6191 32
6192 699
6206 277
6208 926
6221 78
6223 690
6243 222
6246 427
6248 717
6267 29
6280 986
6286 368
6287 615
6293 883
6295 866
6296 521
6321 281
6326 822
6329 692
6342 388
6347 604
6392 291
6424 977
6431 999
6437 252
6449 714
6456 393
6460 734
6468 166
6470 755
6481 640
6482 510
6487 953
6493 154
6501 853
6513 297
6514 262
6515 653
6524 438
6534 383
6562 81
6568 328
6577 832
6579 256
6592 613
6596 644
6607 150
6613 498
6614 450
6615 771
6619 123
6620 178
6621 391
6648 158
6652 759
6657 284
6669 747
6677 769
6684 596
6688 270
6700 121
6708 138
6725 976
6727 539
6734 200
6740 898
6744 830
6764 757
6765 793
6771 486
6771 51
6776 563
6789 860
6806 968
6806 843
6811 709
6817 901
6830 238
6854 777
6858 236
6874 586
6874 905
6884 480
6886 934
6894 600
6933 82
6934 248
6935 806
6936 419
6940 642
6941 118
6955 849
6967 73
6970 611
6979 577
7001 221
7009 341
7012 358
7014 501
7020 989
7028 55
7030 337
7035 128
7047 923
7055 364
7059 882
7060 334
7081 17
7089 567
7103 43
7103 919
7137 728
7145 940
7145 553
7157 143
7161 935
7180 68
7195 958
7197 309
7198 761
7206 373
7217 749
7220 945
7235 190
7251 645
7252 202
7262 936
7270 816
7289 632
7297 715
7298 208
7309 390
7315 268
7318 659
7331 61
7337 880
7354 300
7363 526
7367 815
7386 514
7388 975
7393 131
7395 197
7396 497
7396 916
7405 681
7414 95
7417 697
7436 782
7443 171
7444 195
7445 784
7448 24
7459 38
7471 475
7478 430
7492 456
7518 3
7534 198
7546 534
7550 423
7564 562
7564 93
7566 678
7579 637
7581 410
7586 152
7590 66
7591 125
7591 340
7593 194
7594 727
7603 515
7610 426
7615 406
7618 811
7628 531
7651 433
7668 259
7678 432
7713 264
7713 183
7718 63
7743 489
7751 396
7752 772
7754 285
7755 347
7761 584
7762 265
7769 405
7770 120
7775 503
7778 738
7797 963
7798 102
7798 287
7826 357
7835 932
7836 636
7840 137
7841 180
7858 218
7861 803
7868 795
7873 834
7876 135
7883 375
7886 360
7903 495
7919 115
7925 482
7926 825
7946 156
7954 20
7961 888
7973 635
8005 735
8025 85
8027 23
8047 662
8048 944
8061 720
8063 928
8068 752
8068 890
8091 606
8094 695
8095 829
8123 217
8155 666
8162 107
8175 302
8177 988
8183 30
8218 750
8244 474
8246 90
8254 279
8254 605
8255 837
8262 392
8271 525
8272 108
8278 545
8291 758
8301 952
8304 969
8313 798
8319 258
8327 592
8336 233
8342 350
8350 106
8367 546
8399 814
8409 951
8418 542
8420 94
8467 887
8478 324
8484 216
8496 996
8509 513
8520 549
8533 670
8549 353
8557 425
8573 231
8604 209
8604 718
8610 253
8618 763
8622 660
8629 356
8648 930
8652 865
8680 239
8680 748
8684 708
8695 479
8741 744
8746 568
8757 868
8764 973
8782 907
8785 227
8788 301
8799 572
8809 374
8810 858
8818 924
8824 555
8843 820
8850 955
8852 412
8857 31
8870 543
8874 896
8884 46
8917 80
8926 75
8972 481
8977 599
8977 702
8981 863
8981 398
8983 801
8986 458
9003 941
9017 442
9041 627
9046 785
9054 203
9054 86
9077 786
9082 813
9088 496
9095 833
9096 402
9097 245
9099 35
9118 186
9125 538
9128 161
9129 365
9156 950
9163 50
9164 646
9169 241
9171 354
9177 7
9190 431
9203 819
9238 461
9255 614
9260 776
9271 578
9286 716
9301 933
9306 12
9315 693
9325 992
9326 16
9332 491
9336 83
9363 466
9393 899
9393 394
9401 652
9406 904
9416 598
9426 278
9437 664
9439 157
9467 454
9475 404
9481 608
9491 346
9493 554
9510 943
9511 875
9515 379
9528 9
9529 723
9554 254
9559 902
9559 730
9560 900
9572 76
9579 544
9580 508
9585 234
9589 230
9597 770
9599 746
9616 126
9619 485
9620 437
9621 946
9628 535
9636 669
9639 655
9660 754
9667 280
9669 597
9714 299
9717 321
9721 77
9721 990
9736 112
9744 893
9767 64
9771 325
9775 170
9778 109
9785 366
9790 504
9797 188
9805 355
9810 852
9821 10
9852 41
9854 27
9858 147
9889 296
9889 920
9891 925
9917 40
9928 271
9933 997
9986 39
9989 959
9992 215
