1000
21 892
161 468
210 460
297 477
374 575
701 75
785 385
788 505
978 440
1257 856
1269 512
1530 299
1851 799
1978 246
1993 333
2025 487
2129 366
2260 979
2310 721
2404 866
2411 398
2484 801
2520 66
2617 390
2666 79
2675 696
2678 861
2735 274
2792 702
2890 558
3392 796
3500 210
3513 489
3545 112
3574 369
3809 531
3815 627
3826 295
3876 482
3954 851
4062 760
4195 304
4213 384
4284 117
4345 500
4440 196
4949 690
4971 361
5129 915
5203 189
5213 108
5228 315
5292 874
5363 392
5408 972
5563 63
5643 181
5678 701
6093 404
6293 229
6414 935
6463 921
6495 991
6620 128
6676 465
6704 449
6994 203
7007 620
7371 400
7461 968
7482 882
7684 903
7794 82
7824 284
7832 165
7848 945
7932 713
7966 21
8018 834
8064 670
8140 14
8166 571
8256 126
8325 656
8355 837
8465 483
8478 827
8533 443
8577 964
8813 169
8930 313
8951 26
8963 418
8996 709
9063 877
9115 746
9140 257
9240 543
9242 807
9255 43
9421 200
9427 848
9497 840
9546 490
9694 890
9792 453
9994 578
10067 306
10109 318
10153 105
10293 291
10628 97
10806 380
10890 576
11041 141
11285 678
11349 635
11440 149
11755 839
11764 127
12039 330
12493 364
12541 805
12672 363
12763 831
12844 688
12889 348
13391 71
13527 67
13554 403
13628 148
13655 727
13947 135
14226 480
14515 537
14541 663
14599 441
14699 298
14803 608
14853 220
14894 493
14919 269
15138 855
15311 433
15440 191
15895 176
16220 342
16445 962
16460 290
16603 963
16659 766
16692 517
16861 660
17147 137
17150 16
17225 134
17359 64
17385 464
17430 669
17437 146
17823 603
17848 182
17912 421
17938 844
18115 577
18136 560
18211 303
18290 615
18650 930
18818 488
19115 645
19275 222
19471 65
19508 496
19678 762
19684 422
19808 819
19861 686
19975 789
20039 661
20054 473
20202 786
20414 643
20593 767
20650 216
20713 638
20727 192
20748 72
20790 572
20796 650
20970 534
21015 717
21139 40
21202 455
21253 949
21337 950
21350 780
21451 162
21477 388
21501 770
21627 94
21655 22
21673 469
21707 70
21717 918
21785 209
21973 138
22117 621
22173 539
22324 175
22333 955
22430 556
22481 186
22649 217
22817 368
22945 906
23009 889
23074 549
23130 729
23201 868
23311 232
23380 936
23404 345
23467 703
23651 166
23846 48
23875 383
23894 758
23942 900
23971 888
24076 829
24118 171
24123 846
24143 842
24203 782
24342 731
24440 832
24778 37
24790 378
24921 761
24994 812
25185 884
25375 280
25386 664
25576 510
25622 573
25777 270
25865 261
25976 59
25990 632
26157 800
26229 860
26264 472
26269 365
26290 520
26316 582
26321 44
26400 565
26825 867
26959 170
26966 607
27210 911
27235 583
27361 491
27414 665
27474 99
27489 396
27527 611
27617 435
27631 997
27691 147
27820 136
27894 872
28180 711
28287 724
28490 155
28569 606
28738 106
29201 195
29272 824
29376 353
29451 416
29665 679
29675 294
29678 776
29762 707
29990 737
30005 710
30009 823
30050 735
30125 334
30193 266
30352 992
30359 91
30523 352
30613 624
30657 485
30701 54
30764 177
30961 374
30970 50
31267 484
31321 242
31494 377
31629 550
31681 501
31689 752
32296 121
32401 247
32453 687
32488 528
32498 10
32540 81
32601 932
32671 386
32913 751
33014 533
33037 958
33079 406
33255 946
33300 835
33391 100
33496 794
33563 27
33615 19
33701 792
33758 548
33759 252
33782 545
33791 636
33831 109
33883 616
34112 907
34408 779
34424 547
34623 427
34650 951
34843 959
34896 740
34951 281
35023 307
35188 323
35193 553
35258 415
35444 233
35562 691
35686 478
35701 174
35717 132
35732 858
35887 302
36055 83
36224 555
36232 730
36274 784
36322 813
36325 642
36329 51
36421 733
36499 631
36514 57
36594 595
36636 504
36769 45
36830 264
36863 414
36871 53
36893 346
36902 311
36943 810
37223 777
37435 986
37558 102
37635 340
37673 787
37891 297
38198 419
38290 697
38584 629
38674 599
38730 975
38872 594
38917 372
38985 221
38995 34
39177 885
39421 726
39596 143
39724 821
39807 954
40004 89
40016 526
40067 3
40244 596
40404 452
40452 952
40460 438
40623 923
40687 750
40720 160
40764 803
40788 458
40947 425
41020 308
41136 85
41207 976
41239 822
41289 362
41299 408
41383 567
41486 795
41517 255
41569 409
41620 677
41894 329
42033 593
42127 116
42473 653
42549 32
42553 376
42563 288
42613 609
42711 395
42719 218
42747 194
43059 436
43152 692
43154 15
43290 817
43302 785
43428 981
43541 745
43749 240
43764 60
43844 328
44105 983
44285 236
44307 847
44556 689
44642 937
44677 411
44732 940
44872 319
45008 706
45044 768
45201 198
45228 897
45262 74
45281 524
45633 514
45638 718
45656 413
45686 300
45752 912
45827 320
45891 600
45950 367
46191 764
46203 748
46332 966
46383 871
46434 783
46719 552
46791 190
46973 238
47128 774
47142 738
47249 568
47363 479
47534 276
47634 462
47739 278
47779 598
47841 283
47946 904
48064 960
48137 168
48246 646
48443 933
48549 566
48552 446
48727 769
48762 586
48807 131
48845 978
49020 802
49141 843
49161 538
49194 336
49245 343
49380 129
49460 25
49689 417
50018 772
50119 225
50183 757
50195 399
50604 990
50683 957
50683 700
50773 542
50783 811
50892 853
51003 224
51165 13
51195 755
51273 515
51378 917
51486 841
51504 451
51692 640
51696 924
51770 995
51977 139
52135 310
52256 649
52264 292
52344 597
52368 722
52562 551
52570 765
52643 587
52701 61
52770 373
52888 179
52991 747
53151 207
53162 243
53176 370
53375 825
53458 530
53500 114
53635 562
53679 705
53804 630
53856 4
54093 161
54229 481
54368 513
54534 471
54569 971
54652 939
54690 273
54707 637
54725 150
54838 869
54936 326
55042 111
55169 793
55439 723
55571 475
55595 742
55624 430
55682 92
55772 130
55922 107
55932 7
56044 42
56409 529
56452 18
56550 602
56594 680
56683 592
56786 287
56964 790
56982 716
57146 569
57203 698
57289 980
57320 335
57412 47
57428 693
57596 5
57779 899
57983 248
58122 254
58130 667
58275 502
58372 916
58382 682
58426 142
58616 250
58746 355
58930 450
59148 331
59163 265
59256 12
59373 447
59390 180
59631 815
59732 115
59834 809
59950 122
59951 324
59954 214
60132 151
60365 982
60422 153
60606 325
60642 506
60670 910
60716 159
61159 570
61185 720
61251 499
61261 673
61261 77
61278 878
61385 41
61431 84
61461 432
61470 164
61538 908
61684 350
61794 797
61807 78
61851 754
61930 123
62134 497
62347 519
62513 814
62617 901
62694 516
62806 509
62808 104
62843 862
62860 46
63205 826
63329 753
63441 836
63499 20
63827 610
63974 714
64031 934
64083 49
64194 875
64327 223
64355 476
64477 466
64536 98
64553 327
64557 989
64617 172
64643 226
64663 864
64844 883
64926 237
65012 354
65228 699
65330 431
65366 996
65376 681
65414 771
65433 655
65512 256
65590 359
65604 454
65622 289
65649 268
65691 581
65938 850
65966 626
66070 337
66242 456
66277 561
66307 29
66319 253
66343 144
66408 684
66451 651
66476 902
66486 773
66531 672
66621 931
66904 58
67086 344
67172 24
67294 314
67490 272
67537 804
67558 580
67559 401
67674 428
67839 763
67845 371
67913 994
67916 31
68012 521
68083 749
68434 926
68507 1000
68559 623
69066 920
69073 202
69263 498
69278 808
69347 987
69393 894
69549 358
69563 634
69583 999
69720 120
69806 347
69974 381
70010 544
70042 922
70140 564
70458 788
70539 683
70571 110
70664 563
70709 830
70741 244
70932 859
70986 267
71068 736
71266 184
71363 614
71549 942
71758 854
71820 712
71878 379
71881 211
72101 463
72185 671
72198 360
72379 708
72424 522
72477 279
72509 17
72649 391
72704 898
72834 442
72926 163
72930 536
72944 62
73008 387
73223 259
73301 389
73317 86
73325 633
73427 806
73429 277
73704 231
74003 152
74408 985
74485 412
74522 961
74629 393
74646 893
74664 618
74695 905
74763 212
74829 818
74968 495
75031 76
75134 873
75152 541
75158 579
75166 849
75167 405
75378 219
75519 845
75773 666
75786 258
75853 943
75892 282
75894 503
76155 662
76476 511
76765 973
76841 33
77093 357
77122 659
77234 262
77289 426
77395 38
77458 863
77468 741
77493 119
78098 356
78112 375
78227 486
78238 36
78309 312
78452 73
78471 494
78598 316
78611 756
78882 206
78937 402
78972 341
78985 423
79026 588
79267 145
79305 30
79372 876
79417 953
79493 96
79793 715
79805 870
79903 695
80135 546
80151 103
80194 459
80224 927
80542 704
80583 197
80652 887
80760 322
80764 589
80842 647
80851 492
80882 879
81061 914
81082 925
81112 694
81459 199
81520 881
81598 183
81807 725
81987 382
82040 732
82195 639
82227 420
82245 617
82272 156
82341 974
82380 657
82670 523
82725 886
82754 507
82853 239
82867 213
83037 439
83048 188
83059 245
83322 424
83450 118
83463 625
83541 993
83547 743
83604 457
83665 969
83727 235
83767 167
83801 525
83836 605
83871 590
83913 301
84015 11
84062 178
84127 791
84181 820
84205 719
84403 557
84427 658
84511 895
84598 285
84808 157
85032 559
85335 984
85342 124
85466 394
85748 574
85983 69
86152 271
86528 8
86568 838
86571 293
86850 891
86854 919
86969 674
86985 1
86989 158
87081 429
87094 68
87154 249
87189 467
87197 913
87203 828
87307 201
87653 263
87738 154
87895 613
87922 744
88150 125
88422 286
88524 728
88628 93
88707 685
88801 251
88826 956
88895 444
88969 434
88999 173
89087 187
89154 204
89216 90
89267 52
89280 833
89312 6
89426 88
89484 241
89534 929
89566 9
89569 604
89579 234
89671 87
89845 676
90150 798
90239 437
90302 648
90376 601
90668 227
90714 80
90731 622
90903 205
90945 941
91268 675
91349 95
91433 759
91463 852
91498 332
92287 977
92314 970
92501 2
92556 540
92593 448
92823 317
92948 532
93239 652
93262 778
93286 39
93318 535
93321 938
93419 215
93633 909
93923 470
94159 619
94218 644
94361 35
94455 928
94524 508
94720 56
94766 23
95017 351
95026 944
95070 628
95140 410
95140 865
95190 612
95228 584
95466 880
95528 461
95561 654
95668 296
95846 947
95980 208
96197 140
96216 739
96225 101
96309 305
96312 988
96374 641
96412 185
96591 998
96708 349
96741 896
96809 321
96844 445
97022 948
97364 193
97403 591
97448 228
97617 781
97664 554
97710 407
97789 55
97814 585
97841 734
98151 967
98246 260
98253 397
98443 518
98490 474
98698 230
98784 527
98799 775
99016 668
99130 857
99261 338
99309 28
99408 113
99452 133
99611 275
99760 965
99843 339
99843 309
99844 816
