1000
100501704 740
101202468 920
101363372 663
101401363 816
101707563 750
101940642 261
103092012 228
103797733 279
105513129 35
107988437 919
108702301 696
109836633 664
109878410 145
110456693 857
111957104 173
113810105 140
115483848 114
115646493 698
117100893 48
118660327 57
119363069 163
122233144 305
122617419 665
122656031 988
124207603 281
124243671 297
124632593 846
124678478 573
126304056 525
126549887 651
126617382 511
127437417 869
129862454 540
133129168 974
133255981 375
133743047 908
134012469 941
134111802 571
134544445 838
135034680 287
135601310 566
136040407 466
136174908 474
136812519 893
137684899 422
138428374 64
140485894 918
141659286 196
141925303 803
141927966 262
142133394 253
143342813 532
143800794 283
145383474 943
145545268 882
145591153 553
147074291 776
147413239 744
147827022 929
149469227 19
151104211 395
151236778 218
151608189 610
153553899 558
155125709 156
155482074 50
156281280 6
156609599 301
157101104 607
158353851 265
160534851 166
161079683 224
163342676 111
163474037 157
163823728 235
164586098 806
165114217 935
166041148 789
166647161 699
167695676 319
167839031 697
168799497 910
168942540 887
169684402 180
170470183 850
170790738 768
171761367 904
173592185 390
173703764 234
177206690 258
177637006 603
180677691 399
181250066 160
183652030 125
183814508 255
185158789 275
186052205 667
186844836 683
186866598 30
188173409 760
189145146 706
189383574 204
189671704 884
191211304 402
193309014 619
193506435 708
197167958 161
197754681 854
197844910 550
198029827 46
200219538 382
201377224 459
201938445 787
202441565 130
204437507 969
204481920 774
206656528 148
207453768 471
207902388 292
209068606 871
212348543 842
212954801 748
212981782 815
214203338 299
214664888 2
214672676 457
215033302 186
215897075 684
216178202 923
216493582 924
216623943 367
216904708 136
217743325 379
218356158 509
225823640 712
227147483 720
227195970 528
227387328 66
228174083 386
228531243 731
228675956 300
229025781 616
229423224 97
230205276 928
233112804 385
233165590 726
233582106 630
236301306 192
238360348 963
238372443 55
239449838 486
239963331 143
241500596 839
241872344 653
242229805 972
242574418 981
244038505 751
244571590 91
245767751 849
245861991 488
246119211 688
248449831 836
248646611 640
248942529 231
249043836 529
249818912 40
250096825 781
251132674 490
251583626 94
251816642 37
252570030 84
252673730 564
254240150 628
256211086 669
256390278 158
256635678 371
257500368 986
257765782 922
258745090 549
259896667 582
260220372 446
260840785 567
262302493 389
263373279 782
265390586 819
265437055 612
266663790 87
268170248 208
268218870 271
268538853 202
269218453 18
269458514 315
271181382 860
271345407 116
272556740 629
272610929 763
273294217 276
274393295 899
275204962 62
275758689 460
276584488 99
279066790 724
280003475 897
281296658 324
281445868 514
281879389 248
282001511 42
282492388 880
284023531 122
284158403 405
286868596 866
288541017 413
289141547 980
290518467 142
291854429 818
293088273 725
293927575 329
294433778 330
295519594 711
295612027 634
296946209 92
298428579 807
299163722 144
300110940 909
301059363 822
302778959 785
304118622 189
304566919 411
306487556 260
308482291 705
309983484 467
310407354 177
310941020 320
311029520 940
312392100 291
312977548 916
313282922 152
313502927 499
314119869 425
314658136 171
314684208 877
315988236 205
318781629 400
318954484 226
319491083 691
322750835 191
323048814 489
323963175 730
324581806 759
326875754 948
326951162 845
327318873 104
329376158 456
329503228 439
330073255 266
330911188 412
332355254 693
332738357 679
333432289 557
333564919 530
333784542 812
334265643 331
336607783 817
336709531 805
343058602 429
344131239 658
344144471 458
344441417 463
344890003 280
345533674 921
345748805 798
345826286 891
345897751 41
347289135 259
348133567 870
348940544 608
349800378 440
350060674 121
350224467 165
351446778 888
352400539 890
354772284 515
359834419 56
359874276 933
360972106 98
361414419 418
361792382 493
363207278 373
363346764 438
363447468 618
366653622 552
367433551 660
369264793 847
372688930 401
373424351 131
374997306 539
375863937 323
376009092 954
376749161 485
377030535 583
377645439 771
377907461 289
378143279 686
378800661 36
378942665 689
379104827 863
380403431 575
380576602 602
380772818 245
384051754 659
384766122 657
385219985 997
385503885 716
385984607 779
386534518 333
386584760 465
386674934 416
390423371 501
391296542 814
392470317 925
394030979 541
394687639 310
395727168 61
397216138 428
398881504 295
400669647 769
401134139 971
401334729 656
401466236 113
401896537 79
402939816 58
404289942 311
404709556 12
405180466 284
405483795 359
405509722 876
406831585 365
408839909 109
411067251 453
411332436 233
412714857 447
413083948 345
413090457 212
413447027 531
414126310 840
414811229 372
415916017 500
416479004 962
418887623 762
418941535 112
420543521 118
422428195 513
423060599 221
423817153 889
424368303 267
424560840 153
425071287 568
425859277 737
425973418 355
426507490 223
427475035 527
427665895 342
428613555 733
430382542 328
431384111 314
431630218 187
431992914 227
432490835 172
432832587 162
435427563 932
435457509 199
438156107 977
438462024 410
439195015 270
439508155 308
439672245 704
440003650 203
440621018 973
442259732 34
442514197 309
442988623 650
443119132 154
443637242 554
444099117 885
444403271 494
446084752 947
446427221 384
446653502 307
447015657 85
448847728 777
448943095 987
449489212 15
452029702 792
452375389 783
454006438 643
454915471 147
456253031 31
457239996 252
457437600 17
459154764 599
459244305 881
461108430 587
461233160 855
462453882 219
463002094 263
466102879 579
467227372 117
467870331 90
468295825 366
470403657 512
472087612 590
472308731 194
473717975 455
473949518 86
474908226 800
475091454 780
475725924 715
476073477 516
476702876 197
478100360 423
478930722 826
479177197 487
480751043 565
480767064 13
481840758 680
482039423 216
482364894 694
483365933 339
484038250 674
484889400 448
485352375 873
485481946 752
486577366 169
487005922 570
487061072 449
487274668 306
487820154 502
487967269 244
488210032 93
488710552 353
488799763 110
489385752 992
490263395 393
491058695 895
491298556 830
492137512 246
493285271 63
497468558 519
497697051 687
497982512 577
499234088 862
499634708 738
500135519 701
501902244 991
502225016 272
502930288 902
503054655 102
503386080 600
504757447 377
506126251 137
506554562 321
508650009 595
508717183 73
514372902 141
515163487 361
515427060 533
516424758 835
516633541 392
516709727 303
516924988 126
517461969 3
517789808 28
518728634 363
520202838 742
520418112 913
521488125 611
522002539 586
525359015 741
525891989 368
526165194 442
527235253 545
527331049 391
529042669 352
529072672 286
529224979 4
529354381 886
530349660 638
531592538 775
531991680 175
531994048 868
532119142 338
532594535 67
533840497 288
534047676 952
537198369 937
537205026 702
537300599 964
537519602 770
537664033 945
539133030 290
539609981 894
539801414 409
540267267 469
540522806 605
540756227 454
544431568 26
546780102 666
549838640 451
551010673 695
551482130 832
551666395 360
553160054 282
556301149 537
556970108 772
559927704 462
561283962 609
561967418 264
563110578 38
564565328 878
564715757 926
566357053 739
567798489 994
569456939 546
570593704 236
570740514 758
570762480 506
570996724 559
572224340 911
572276008 294
572754290 334
573192693 351
574902820 797
575080262 491
575529681 396
575617439 82
576195042 983
576675600 526
577625104 547
578280792 190
581087838 654
581102353 604
581435258 380
584034292 978
584042886 905
585366034 185
585450665 168
585661821 83
585928672 569
587789557 473
588161150 813
589779085 700
590352734 277
590524836 984
591741475 562
591946646 45
592249557 241
595538639 257
595632684 33
597202027 100
597750948 77
598093847 901
598254125 625
598640016 238
598895837 804
599739283 588
600610810 414
601772111 801
601810593 356
602621524 150
602943125 127
603718138 851
604269478 967
604822199 200
607813904 735
608197720 865
609457609 585
612424488 960
612551162 435
613373217 336
613825443 827
614950207 195
616617606 432
617015333 388
618685459 232
622061257 81
622543790 615
622986735 101
624226224 138
624484882 243
628362614 318
628499207 268
628726703 520
629431936 483
629735350 831
630215095 931
630394650 398
630826206 424
631403385 996
631462832 326
634756523 707
635604535 617
636014140 316
636221072 829
636665104 106
636870117 475
637543332 408
639422450 174
640392498 825
640608869 703
641103133 434
643952022 347
644524024 69
644621822 734
646424393 649
647123492 479
648048404 237
648345642 426
648836562 337
649856880 230
652877158 74
653076152 29
653490555 837
655327167 348
655552570 755
655898465 350
655935594 302
657123074 576
657653275 637
659363772 510
659490895 492
659970288 794
663129395 743
663628062 858
664319269 624
666955042 207
670159223 369
671066983 523
671401269 120
673015745 11
673199412 811
673993732 892
675402942 431
677345662 129
677924868 9
678616823 791
678696564 917
679414651 788
679531156 747
681050128 626
681331003 756
682846655 278
683717502 596
683744626 727
684010243 753
684025676 767
685458990 589
685759831 477
688294056 778
688999930 717
690705475 251
691524594 179
692818841 677
693237293 496
695246305 296
695323529 721
695455676 183
696291297 343
698011390 795
698072929 108
698919256 578
699560925 809
699784014 728
700951078 312
701455895 39
702127840 955
702251409 597
703287354 906
703372352 209
706857906 415
708456666 430
708500575 591
711215516 993
711787744 518
712953846 433
716159514 961
718641385 786
718688767 103
719720248 543
720811544 998
722172189 115
722874015 614
723719683 240
725310673 668
728190856 201
728809350 419
729615714 678
729850846 939
730159932 364
730233420 556
730260237 76
730543611 452
730556680 749
730854555 821
731299735 713
731669870 620
731735242 210
734744446 146
734772878 468
735499272 864
735750978 133
735831936 642
736804970 362
736806830 503
736821660 327
737243896 675
738598735 655
739308740 49
740681251 985
740700262 551
741303552 32
742362441 444
743210487 214
743498732 178
745520682 808
746251842 521
747390698 598
748287999 975
753337139 757
756510698 563
758680145 534
759428487 646
759554631 746
759911915 404
760292852 16
761145709 968
761689727 848
761869311 915
762283945 273
764610359 325
766594645 498
766973766 636
766986194 544
769083159 407
773106024 936
773135297 211
774121399 622
774310513 810
774343669 44
774636819 65
777334455 710
779293084 225
780458127 844
780529483 182
784057488 445
784316610 59
784677859 631
785329685 176
785862139 96
786594901 14
786735927 632
788777900 714
790177278 841
790640169 581
790727859 548
791532222 671
792101710 927
792281259 397
793567880 206
795114583 298
796636299 953
797670651 184
797688681 198
801157623 53
802442164 43
802757029 215
803040445 976
805942828 594
806392238 593
807336341 217
808045605 394
809146565 170
809394416 833
809641594 561
809780833 856
810271951 123
812128726 682
813422481 256
813966430 672
814963926 242
817712362 729
818788332 427
819061721 879
819564719 853
820659988 692
822204781 78
822682858 670
823961649 472
824083656 135
824206632 72
825158054 896
828198683 269
828635416 930
832552922 335
832780141 661
834826044 970
836997980 950
837306517 497
837613644 685
837865679 644
838016230 508
838030892 358
838719644 652
839093254 417
840279560 443
840993423 478
843810486 645
844459135 802
845294164 387
847305681 907
848316857 824
848592522 606
848870977 376
852457827 461
854417832 406
855043334 139
855805743 965
856436155 25
857805879 635
857856796 903
857900269 761
858981855 313
860024907 68
860166088 999
860821973 989
861105941 723
861970749 555
862447251 124
862508647 504
862979613 75
863157314 5
863546713 982
863724496 239
864412047 834
864592877 274
865004331 536
865211022 421
865410266 958
866576765 773
867282179 709
868035914 736
869851443 213
871373735 24
871967386 134
873260673 322
873926467 764
876685251 229
877017071 89
878052877 592
878111871 464
878794576 524
879061582 193
880946538 155
881468924 823
882168269 22
883650497 535
884222906 378
885627058 957
886846631 522
886963727 470
889803221 23
891639848 745
893536648 151
895761966 623
896148812 484
896201242 95
896972772 480
897164544 381
897244865 942
897738424 875
898745370 71
899384520 956
900730592 959
901802554 354
902061700 344
902371089 648
902923924 51
904484476 132
904907555 495
905209436 21
905930009 601
907500395 951
907523330 304
907693627 107
908929060 843
910792303 584
911556706 476
911575181 119
911602423 580
913001901 621
913653591 872
914346502 766
914728674 790
914868155 990
915314823 293
915384652 938
915697629 719
916956651 765
917816097 507
918618611 867
919722790 828
920268807 383
921597888 54
922090432 690
922114242 517
923000367 934
924166978 979
924292937 20
924515362 149
924962048 949
925037858 944
925839329 247
926153718 676
926220566 80
926973253 662
928452983 796
928879473 128
931495944 317
931657452 420
932072832 639
932729130 374
933857089 883
935984393 349
936234763 874
938424457 560
942195887 482
944329438 820
944393098 722
945137297 966
945290274 912
946582785 7
946618019 784
947107992 159
947161993 250
948463038 450
949128746 254
949228640 285
949924926 538
950561082 574
950574306 673
951221850 164
951226350 627
952522597 732
953541302 914
954958293 437
955388108 900
956482034 70
956831524 1000
957570004 332
957848411 613
958867099 60
959121383 222
963394669 542
964274765 357
964950580 946
965999787 403
967716271 105
968536125 441
970261272 861
974231129 647
974492707 754
976372793 10
976411383 249
976526380 852
977035284 505
977433464 572
978453950 47
978486810 27
979261215 346
979866861 898
980818741 799
981210497 8
982240988 188
983061130 995
984055427 633
984765474 52
984793380 793
987028408 481
988339815 88
989082950 641
990261878 220
990528231 341
991180224 681
992099633 181
992110131 859
993787820 436
993972393 370
994290231 167
997096848 718
997297633 1
998599602 340
