1000
101165099 973
103057657 514
105869199 982
105967215 853
106174610 969
108132120 510
108805563 943
108823876 574
109129198 523
110464677 287
112954783 398
113241958 307
113382114 930
113834135 827
114279048 590
114403301 502
114836978 413
115582169 890
115699507 190
116301854 956
116399834 598
117339513 259
117574783 91
119237963 766
120799747 804
121187677 851
121603422 527
121968068 652
122118656 949
122419159 988
122625316 284
123469967 292
123949591 570
123991235 657
124505254 268
124805217 944
127887352 885
128138348 257
128254512 504
128351738 170
130782568 382
131313794 316
132524923 189
133311828 453
134168236 366
134620480 713
135010576 870
135461888 734
136213990 621
136458761 66
136466225 282
136929167 175
140403481 679
140707910 568
140881346 428
143122947 201
144788546 831
146043185 989
146546839 226
146826915 758
148942977 721
151236112 131
154280943 915
155252887 134
157270995 121
159735613 297
160010101 105
160353229 563
161334921 93
163575872 88
164093774 126
164177275 412
166767519 963
167351608 203
167799036 976
168057987 211
168078019 824
168115616 610
169033981 588
169242592 314
169254907 233
169540810 597
169994702 755
170161874 704
170367246 399
170537623 642
172562682 220
172962350 815
173068672 871
174541994 916
175357713 302
176346970 686
178023380 846
178804425 792
178988017 625
179854955 883
180796980 311
181294879 905
181924567 473
183661766 472
184312262 985
184424887 196
185489748 877
187333075 59
188192454 977
188400274 95
190202763 962
190709799 709
191626567 449
191669034 264
191706615 152
192001532 328
192437766 79
193311503 238
193423653 693
193522676 236
194139626 390
194465569 395
195466557 872
195933165 559
196195353 57
196344899 767
196950509 547
197203562 3
197380945 271
197487948 104
198430102 664
198754078 461
200536336 868
200545688 193
200839061 53
201004741 108
201260564 148
202757770 31
203221254 317
204285473 270
204831058 310
207530957 119
207534740 127
208333276 637
208662300 954
209670138 694
211483658 283
212236934 670
214851811 699
215953343 646
216241842 52
217874159 345
219021295 608
222341484 319
222844876 925
223304851 847
223595797 261
225368999 548
226853553 565
228261386 96
228530536 975
230704778 485
230760768 468
231206622 710
231574066 147
234194172 438
234473398 162
234862799 496
236533163 346
237364819 372
237625245 596
239790896 214
241626646 87
241663728 51
241867976 410
242077732 696
242216833 636
243261640 595
245281017 957
246272076 648
246712140 541
246856148 536
247209500 643
248224123 408
248348465 111
249389682 797
250086697 939
250221095 501
253179079 336
255274385 387
255681666 266
255723110 242
256842855 984
261072227 783
263160985 163
263533915 538
267198100 953
267915067 945
268395625 667
268715597 234
269078732 528
269954965 72
270327083 198
271233783 934
272308898 553
273054480 359
273744090 785
275003671 286
276699028 991
277303227 771
278752968 724
279481185 843
279514058 684
281157679 80
282041220 403
282926423 828
283722462 216
284643235 788
284867911 981
286484330 342
286555382 803
286934951 2
287633627 481
289164471 14
291836219 324
292078213 895
292509516 961
292970875 817
294351087 787
295972220 914
297173264 1000
297191510 862
298730841 136
298875970 615
301590226 339
302155698 112
302299241 89
308672841 132
310493310 298
310872124 476
312645443 61
313127681 545
315202151 464
317000530 347
319028744 896
320001880 673
321083960 807
322619856 291
322683197 844
323937053 227
325293878 8
325565657 135
326772835 811
327459779 778
328745344 173
329093549 534
330335919 857
330774700 22
332103431 854
332276521 978
334206998 537
335465087 285
335681050 90
336845579 744
336848179 840
337059856 98
338101688 177
338507391 520
338711971 552
338927187 75
339161280 255
339362451 354
339553265 195
343070739 550
343123808 436
345543266 368
346076496 290
346143832 150
347654492 752
347661233 218
347756655 139
349935824 763
351942476 384
352388330 555
354357529 420
354501438 56
354948502 712
356378160 569
356501133 303
357008402 515
357021578 529
358748844 306
359652841 526
359934953 641
361204152 530
361279775 650
361656639 465
364618574 47
366261972 516
366416879 269
367216861 97
370775713 866
371546887 435
376239833 381
376338397 781
376988745 369
377643862 491
379089805 926
380938702 30
383350241 103
384021719 365
385734119 509
386399909 213
388238327 628
388323795 142
388615835 903
388807095 901
389045191 729
389058516 426
389449691 490
389496703 393
390826873 503
392120363 535
392706218 115
394294244 531
394754292 113
396601472 602
397884159 929
398714089 632
398820221 814
399498525 800
399980211 467
401103719 649
404054932 11
404781724 210
405197374 583
405251270 322
406608822 361
406912109 494
407716538 212
408080913 731
408652973 334
409159256 362
409240171 74
409744182 544
410795114 702
411874749 539
412102854 94
412696831 812
412978836 44
413033955 246
413475721 620
416351837 674
416815615 183
417687506 618
417845646 294
417911291 740
419008444 29
419032604 987
419682210 958
420299912 243
421760045 149
422963577 493
423378235 678
423384520 946
428340822 599
428801840 861
433113072 718
433487407 289
433758492 143
434197860 160
435009799 640
437362760 488
439212720 296
441288703 192
441867814 773
442685046 443
444241786 308
446884298 332
448361125 38
449027734 747
449035129 546
449619170 521
450061903 517
451496325 581
451915137 417
452783558 37
454093568 343
454738857 184
459975021 672
459996677 897
460959074 756
461008616 733
461586238 938
462050540 952
463403730 422
463588188 605
464142337 133
466203350 448
467897736 389
468472759 219
468480332 9
468726679 401
469836242 174
471262170 999
471680587 130
473275932 525
474453364 495
474833487 770
477445037 577
477670877 288
478361131 562
479412033 669
479702391 65
481519214 92
482007820 249
482208951 801
484887647 151
484919502 833
485983074 522
486386890 706
487778420 505
488002960 825
488440535 385
488925834 624
489921666 406
490552286 335
491198769 717
497698959 838
498802367 799
500632298 404
500708534 711
501429484 745
501527527 414
501561699 880
503280833 609
503460426 24
504396636 614
504876556 191
505949603 651
507465273 892
509593698 341
509995292 560
511128328 278
511412329 43
512893117 50
515833485 743
516078596 478
517940012 415
518422713 224
519074074 911
519196901 5
519527913 519
519642866 383
519881512 856
520351270 312
520544236 25
522094890 967
523319471 161
523711538 484
524038985 578
524342000 727
525244490 816
526599083 321
526753766 878
528866755 768
529826128 202
530763684 551
531809746 329
531934452 125
533141228 352
533908283 826
534502880 391
535187207 587
535305654 355
536034758 707
536343709 882
536460090 367
537081615 421
537462080 564
538066673 865
539363145 698
539942793 442
540510264 705
540562842 6
541078355 692
541866402 225
542053937 567
543578286 386
544227971 906
544323492 231
545551197 964
545592963 222
547872335 772
548727951 455
552199709 681
553318381 49
553960801 737
554642646 187
555445929 607
555855160 320
556128858 424
556173960 350
557057552 809
557425749 429
557513433 356
557805544 813
558378187 500
560358091 248
560553547 349
561399626 325
561515405 10
562427422 728
564071121 348
566265138 928
566524092 617
567775363 169
569789097 589
571076296 153
572069956 487
574058514 791
574275263 580
574396482 972
575425459 907
576240041 281
576737853 338
577524224 571
577544046 181
577732500 685
578652634 146
580103527 168
580506183 447
581741862 58
582170105 165
586152454 543
586195180 474
586209826 27
586446584 67
587635592 434
587643720 273
588771147 594
591083235 419
591478685 299
592690144 157
592967160 940
592992620 45
593419037 16
593731625 622
595433741 460
596753018 879
596917759 244
597545924 469
597926262 23
602721335 993
603662264 561
604271824 42
604831207 330
606292002 974
607639003 739
608288731 114
609081060 749
609094398 396
609320306 902
610319501 867
610847811 635
613004614 375
614227196 188
614640185 629
614908618 440
616951507 591
618058949 274
619244779 832
619941846 970
621020009 741
621170076 779
621951569 200
622209553 730
625078759 28
626471477 829
626565986 258
628430822 427
628674379 660
629122030 794
630428776 762
630748446 70
632167462 208
633955399 884
634809822 647
635466673 576
636434142 575
636525721 663
636612849 313
637307259 836
638360170 859
639521651 720
640026218 864
640479817 326
642838001 604
642964993 950
643580828 971
644974212 518
646663796 904
647214436 759
647248181 144
647441842 99
647861318 374
648043451 722
648242805 790
649019250 445
650242497 968
651532566 554
653240473 644
654557722 425
654868106 15
655107909 742
655987014 26
656142506 965
656376859 451
656643841 795
658523064 623
658820280 178
661186107 117
662844438 100
664658421 893
665273501 154
666308894 917
667833334 913
668198294 205
668613926 910
670459046 959
672115565 616
672291073 573
673689212 680
674238841 437
674527196 370
676595642 761
678356810 228
680060190 253
680260443 834
680990568 876
680997796 750
681700849 666
682283898 715
682680005 793
683056104 122
684600046 452
685938775 708
686219983 639
687260546 275
688559518 732
689333797 980
689829249 935
690747745 947
691081487 402
691142619 433
691268965 232
694244703 180
695166522 848
701447139 21
702546118 994
703038603 924
703932867 279
704256784 714
705910527 172
706218307 566
707330591 392
707373097 979
708126342 507
708826415 888
711249434 701
711505166 936
711759764 746
713212990 841
713868283 158
715837565 33
718097898 83
718573835 378
718705786 835
719884987 129
720553855 582
720634147 337
720723745 612
720880838 948
725820112 837
727398507 723
727493513 633
728690508 432
729232605 69
729502776 889
729699817 482
730616570 431
730851173 323
731666479 423
733501410 689
734334157 471
735726337 156
735977911 118
736956817 572
737056559 997
737296281 671
737558180 850
737797663 682
738140051 912
738609535 363
742662224 35
743096169 557
743528088 252
744318795 845
745055570 197
745833565 137
747268334 810
747391289 439
748403713 748
749122528 394
750126622 185
751391598 933
753274604 416
753489024 486
754482075 230
755045876 593
755505745 716
755836304 776
756329498 221
756373450 353
757800417 300
758142138 263
758685356 331
758862628 340
758987376 12
759306397 483
759354615 409
759858718 20
760056460 687
760467442 695
760759769 301
764032363 780
764379088 585
764677590 498
765220165 159
767014312 4
767801207 919
770744170 13
771880226 377
772154174 782
773356041 17
774061228 120
774308373 463
774637755 855
775584796 533
778401776 990
778532083 700
779167719 454
781198561 256
781978617 676
782519674 240
782771618 304
784008157 379
784253749 64
786530022 900
786920075 63
787162723 295
787577514 351
789252929 462
789359464 360
790408352 457
792538169 661
794382032 430
795445204 508
796133409 245
796610632 444
797752287 239
798441515 77
798453524 986
798764789 645
799129606 262
799410043 675
799478078 267
800801511 992
801047780 106
801795593 82
802354396 84
802755240 85
803840619 86
805417688 459
806553569 450
806715210 830
807233564 166
807592039 36
809115707 247
809309613 512
810602649 171
812359902 229
813415331 894
813834590 863
814421199 922
815048797 34
815468459 634
816454368 506
816463576 7
816874772 819
817556144 842
817761334 656
818868501 480
819443063 606
820389114 140
821180138 371
821344235 765
821351841 405
822059423 540
824911634 937
825663732 138
827293200 627
829461225 466
829797789 215
831277491 19
833877752 600
834168333 655
834770047 753
839887467 511
840066362 860
841523458 927
842577883 995
844332877 691
844702766 497
844897249 155
845628578 223
846267368 887
846291972 458
847177263 719
847298054 357
849312006 492
849456940 145
849560664 182
850220755 18
851041127 280
852257178 204
852596470 441
852946302 881
854199043 141
855131972 470
858854254 909
860407021 775
861347815 769
861492446 891
862107906 475
865353297 983
866514681 757
867160225 1
867180924 39
868101584 542
869317424 789
869594541 110
869706282 805
871627572 411
871898802 62
872863895 344
872889041 668
873914694 898
874465892 923
876010543 128
876946213 176
877262866 116
877359617 164
877382196 499
877676953 55
877727446 638
878003749 662
878546296 48
878769945 821
881250807 380
882208796 315
883487510 601
883779597 764
883999382 54
884925182 556
885057923 820
885081349 479
885628893 611
886653531 760
887482307 489
888816127 918
889710321 179
890467885 400
891960172 418
894425155 726
895045301 272
896236635 318
898344170 194
901096423 725
901516208 592
905042952 839
905313927 237
905445401 276
905499476 777
905644252 109
906771988 579
906811466 186
907496246 40
907596649 921
907679540 333
907738322 603
908175551 873
908261155 32
909193876 784
910149059 397
910443034 735
910879925 818
912677968 549
912822986 738
913241105 60
914162707 217
914634353 908
915152612 798
915577283 932
916124123 235
916317492 101
917150990 852
918590877 998
919361745 41
925330644 931
926222089 697
926602621 199
927684768 241
927710843 942
930787752 808
931536607 123
932023477 822
932604240 373
933530320 46
935128053 107
936658505 751
938198857 858
938636051 941
939343633 703
939942979 996
940286847 124
942222254 207
943186951 688
943293626 654
944346908 407
944435278 209
945013432 690
945852943 524
947084269 78
947463159 388
948017676 102
949469593 293
949759771 631
952186342 376
953431351 806
955765571 305
956477127 584
957098827 736
957706230 653
957712392 81
958053737 849
958421167 260
960726678 532
961693813 659
961824309 665
961992620 613
962732489 250
964556796 630
964659450 71
966010300 309
966681191 456
967617670 774
967657294 869
968810144 477
968849557 951
968938051 802
969631349 886
969676322 677
971630185 68
972008827 683
973569318 358
973571593 966
973903335 73
974235152 558
975509936 254
977645971 875
978445440 658
978551043 364
979037757 786
979715886 265
980460962 327
982796051 960
984120262 76
986205162 446
986365668 920
986378071 823
986723905 626
986878136 874
989956195 513
992135752 796
992518080 899
992946213 277
992968341 619
995245005 167
996547711 251
997691926 586
998623980 955
998662068 206
999554665 754
