1000
1112645 321
1317439 280
2070315 821
2153086 424
3099596 918
3340244 309
5846208 696
6005547 600
6326428 768
8769176 276
10770954 610
11327723 470
11879554 792
13668148 454
13701013 580
15301547 123
16585635 106
18267753 364
18351120 220
18405748 214
18567014 357
19417537 434
22336473 583
23322373 302
23500414 205
29256113 388
30616234 444
31496174 63
32928602 127
33209914 485
35850025 115
37472050 362
37958743 713
38394307 777
39227830 705
39386835 219
41514541 328
41996501 285
43718948 510
44256673 587
46736070 778
46848212 318
47195640 613
47255607 232
47415165 8
49419291 301
52123800 319
52765630 186
53222713 684
53609122 578
54230844 585
54891170 724
55123568 572
56751453 393
57253711 182
57372336 857
61550845 287
62174710 457
62879148 798
64267080 607
64398155 12
65682588 732
65935351 228
65975558 858
66638106 758
66962633 825
70053648 491
71503578 755
72399119 797
73089656 248
73101307 707
74060100 425
75449916 951
76213153 72
76936408 311
77936089 708
79623881 574
81156070 381
81553628 89
82664459 776
84700230 726
85228068 208
85261084 278
85936911 116
86852240 893
87422962 97
88158878 767
88246155 215
89968163 544
90279740 956
91238880 818
92048044 769
92657145 552
92884209 780
93013193 658
93739336 847
94302092 39
94357939 922
94464730 84
95425989 403
97946638 432
99417470 481
100571438 662
101396101 13
101518760 685
102093659 81
104087121 178
104393594 135
104408357 233
108039545 268
108281268 919
110224004 349
110238308 498
110568621 19
111132936 597
111792835 108
112382780 917
115189443 406
115654453 431
116001215 469
117659413 636
118666056 240
119022414 864
120129657 17
121298008 816
121432763 667
121657290 955
124415955 906
124504894 153
126740062 677
127805256 286
128340742 952
128742712 862
128780610 765
129015273 699
130484525 313
131384399 83
131946110 856
132288375 256
133004139 620
133267833 846
134312538 71
137268409 942
139922055 401
140172283 817
142778819 602
142906097 868
144478288 231
145296055 660
145377851 760
147503026 125
148788639 615
149183787 443
149661527 803
150086211 3
151214101 898
151670267 57
152708532 143
152806856 166
153474513 422
154398519 946
155635328 437
156937596 107
157279433 480
157280442 411
158421120 177
158590599 964
160708865 562
161217537 459
161487797 604
161866639 876
162928218 756
163878353 475
163907716 42
165200913 609
166179135 592
166918669 617
167227471 978
167926313 69
168483947 359
171113573 207
172160337 526
173443728 6
173569627 835
174279544 223
174666554 353
177241556 251
178229263 633
179200190 729
180539681 839
181463876 751
181553337 523
181898958 14
182803695 60
184477271 474
185664394 134
186693918 499
186858516 361
187106172 154
187190789 279
188830579 745
189934513 169
191427611 663
195202966 675
195610932 472
195682755 781
197216806 402
197319246 242
198056266 621
199541360 566
199650108 637
202583990 304
202632758 534
208891695 492
209313713 833
209634557 399
211101647 904
212858671 124
213385438 788
214300909 866
214544189 779
214802977 503
215567229 476
215674051 944
217098245 703
217157304 41
218393205 618
218457640 905
221022898 757
223059527 722
223117382 448
224861498 430
225095601 212
225759766 877
227364564 377
227588969 706
228213805 4
228416148 840
228772784 43
229170406 82
232080394 763
232233974 731
233970366 616
234636448 46
234948492 363
235359708 79
236600677 30
236895002 184
239371334 105
241267842 737
241586681 171
245057797 744
245147233 975
245539947 398
246885044 558
247004625 560
247352269 261
247698579 742
250581397 593
251289328 941
251309181 162
254413191 963
256697165 598
259095923 239
259108451 796
259927587 374
261739616 299
261858668 680
262485592 337
263157422 664
263369980 330
264179397 681
264247565 961
266709307 487
268378771 682
268686789 164
270164735 404
276056680 423
276526518 341
277371454 351
277888060 392
278729522 740
278789000 136
281084665 764
282163041 384
282549760 258
283957467 478
285006071 900
285505506 730
285548059 521
288003366 630
289757466 317
289961951 254
290538255 249
290684225 812
291035903 545
291255468 966
292539733 216
292624333 970
294192362 514
294193533 117
294834638 991
296141728 55
297337443 640
301463632 793
301600056 195
302243983 130
302312653 913
304110872 948
304134487 91
307878273 373
309105266 407
310403832 649
310490231 546
311903259 743
311923079 277
312394664 561
312888580 453
313524054 354
314604881 308
316263735 887
316776664 466
322971589 666
324535949 536
324661704 33
325238625 65
325950008 324
328088710 365
330732997 141
331112994 786
332065304 339
332301081 676
332324347 631
333003968 801
334235451 759
334724242 524
335054338 668
335429365 698
337799092 989
339973916 859
340077713 500
341148488 805
341632987 222
343239385 185
346064051 193
346725783 591
347003376 160
347674006 810
348663032 16
349361263 473
350661667 356
351268217 639
353095043 848
353944151 973
354571569 90
355125171 413
355455269 530
355577074 255
356672539 355
356719358 554
357422107 912
359179167 275
359474652 329
361150432 586
365276544 428
365635392 838
365852656 44
365996614 879
366430363 176
366530227 144
368093736 632
368610933 174
370432533 53
370900051 18
371186157 541
371354747 15
373429028 831
373847797 750
375182509 799
375676058 819
376077621 121
379810110 265
380736842 96
381244742 659
381365348 331
382577170 528
383267482 548
383727696 109
383908347 525
384802198 211
385512999 488
385553825 146
387269420 281
388486016 925
389173538 175
391812029 827
393072007 774
393208769 888
393387411 567
393873519 570
395913601 36
397856828 201
401358298 571
401667242 456
404954987 200
406558209 320
407617883 506
409445802 247
409782951 508
410108149 380
410318239 283
412075168 194
412546516 939
413085453 784
414029935 641
417659302 872
419362875 903
419909005 648
421298355 100
422506543 77
422691293 332
422795354 501
422885968 589
423805045 342
424663510 370
424713341 691
424932603 110
425532022 451
425997309 95
426134815 981
426349949 870
426808357 568
426856110 739
427078436 527
429693072 814
433338178 408
434357913 945
434529199 187
434601544 496
435661067 203
436206902 789
437722969 625
438224938 569
439879134 382
441962137 993
442877925 327
446297494 923
447081464 629
447467325 852
449225666 830
449454130 303
453608360 103
455007290 516
455923386 715
456230938 62
456365130 738
457302062 704
457349047 647
458244602 335
458631611 716
459622014 250
460039964 85
461497631 7
462282889 619
467994805 999
469954250 20
471063284 924
471259760 721
471939405 986
473743521 264
474254436 845
474418807 828
474743392 693
475495807 863
477057973 446
479133459 490
480306793 133
480322117 273
481666338 137
481771731 78
482323960 614
483534625 334
485237353 450
488899754 980
489113244 983
489175500 338
490359977 343
491141680 809
492053820 206
492154110 29
492381799 73
492985642 229
494210412 161
497686588 468
498155922 550
500049961 795
504510561 564
505422159 68
506158701 643
507032192 701
512368343 911
519265371 771
521617937 118
521924344 836
523147767 202
523898632 753
524292055 532
524295674 507
525444388 70
525994923 539
526017433 420
526610582 953
527466954 995
528505145 196
528765420 947
529420828 977
529750010 547
530126138 543
530693478 344
531411744 878
531675817 155
531770001 120
531855236 634
532966217 644
535040587 132
535060526 720
536107990 336
537614158 762
538008189 834
540204645 746
543099796 323
543261092 300
544292043 782
546773114 920
546821038 940
547578147 99
547707328 783
549311724 418
549928819 436
550174035 183
550334144 189
550981166 515
556100176 804
558262253 540
558572237 259
559576610 218
560340975 608
561639965 225
562028683 505
562625448 657
563437203 700
565144711 854
565317522 588
566995288 982
567196149 582
568150515 712
569126979 262
569942273 669
569981335 360
570287611 312
571012724 987
572299581 495
572783348 599
573289835 520
575115352 429
575399535 727
575510967 50
575833968 642
576367302 775
578156825 158
578551498 64
582381353 849
583031874 626
583384301 889
583696560 257
583709684 811
584091159 56
584480109 826
585321620 484
587620846 467
589522046 962
590540261 396
591030062 968
592991939 372
593173381 752
594176500 897
596752107 652
597112040 844
597314694 522
598064248 820
599188429 880
599766375 965
600375553 458
600446427 651
602126470 689
604425247 274
604751884 139
604833437 26
606281038 465
606631349 623
607873815 773
608640910 489
609639227 710
609670715 577
611065869 230
611152668 815
611667087 179
611759694 686
615335905 293
616660392 74
617202456 477
618885399 979
619232642 224
621717687 749
622346603 605
623922372 929
626090379 405
626603893 24
626802119 851
627864861 512
628173187 10
628581468 48
629757611 52
629788996 269
629808999 553
632362590 855
632801697 687
633499408 841
633736650 885
633786548 122
634540036 908
634720613 985
635002030 263
635686641 415
636461260 882
636799961 692
637117411 557
638964540 915
639480230 988
642778571 612
642814664 891
642856659 292
643080668 217
644881961 197
645121776 333
645910299 672
646571533 439
647055216 366
647760445 54
648784944 928
648926529 806
649369085 624
650375790 131
650389153 563
650967918 497
651620209 747
655748826 829
656758955 656
658540841 270
659542222 445
659577247 378
661011845 305
661021412 75
662365174 455
663268841 860
664559976 463
664566028 45
664574489 210
666144233 519
666674056 590
667707857 67
669217894 551
670030303 502
670550585 575
671331565 165
671767578 310
671814214 140
673633943 653
673943060 772
674868893 245
676946998 51
679421894 11
679671508 832
680239509 594
680802012 31
681914298 440
683226736 267
683684672 813
685323469 452
685487910 213
685556613 895
685741381 129
685811639 518
685852029 513
687108073 595
687851320 449
688801727 119
690088386 92
691461929 80
691529958 800
691776606 638
692932684 881
693276745 383
697623184 958
697668298 461
698104814 892
700074136 38
700190617 990
700318117 417
701739805 483
704870523 385
706017241 58
707114512 655
709806510 723
710377742 111
710757516 969
712267695 235
712343540 101
713527901 442
715060289 40
715565550 22
715565873 869
715679734 679
717545291 369
718315036 112
720442855 517
721617954 549
722076525 627
722090461 322
724038064 930
725158101 606
726170873 865
727614527 971
727659914 842
728722874 32
729334830 395
729410279 665
729623362 142
730386012 867
730601279 650
730954775 128
731669253 794
732786457 921
732975532 181
734140060 791
734402148 997
735354523 894
736157145 221
736518251 345
737057848 790
738155552 462
740254630 960
742341560 734
743406568 93
743546402 875
745669414 992
746252896 936
746984677 714
747333530 579
747829398 601
749184500 556
749674584 494
752522420 998
752523734 886
753527127 433
754671605 37
754815478 94
755470752 87
755611994 884
756499570 307
758056039 9
758953649 49
759363519 996
759365226 59
760056326 238
761097958 400
762016550 994
762725741 163
764129364 533
765076246 297
768525662 565
772434743 926
773543448 937
773546134 348
776443037 702
778779322 244
780376755 943
780874835 736
781355232 695
781587869 690
782744005 754
783520466 717
784190405 611
784770393 21
787275706 735
788867565 709
789195294 192
792218502 376
792473371 471
793242434 914
794377361 315
797521180 306
802556155 697
802850882 661
804393642 635
805188040 149
805926460 874
805984610 555
806153620 674
806774021 173
807885929 464
808147181 678
808429570 824
809474029 584
810206857 241
811764184 748
812261550 950
812508037 159
813590223 909
816325080 1000
816364620 711
817839290 907
818287359 902
818883588 654
819845641 147
819870479 719
820416638 493
820925790 603
821712484 482
821869831 243
822286277 573
823294234 529
823523864 391
823768335 371
825827152 102
828107063 761
828224006 873
828235988 447
828372557 394
829866457 168
831914506 326
832203983 266
832917912 157
835768633 576
837484118 358
837728721 226
839223267 252
840580952 934
841440664 890
841487126 227
841594541 581
844683023 145
847006002 559
847519322 427
849809488 61
850556505 896
851163682 340
851582586 409
851654559 138
859055001 531
859378800 191
860298726 538
860784436 959
861222066 728
861663843 770
862084351 901
862130917 1
862429759 260
862801643 397
863543374 151
865401461 670
867319781 718
869046937 511
869252772 976
870604980 271
871456206 426
871941361 5
874237367 645
874320514 198
875509008 246
876050920 114
876636666 88
878327254 375
878723792 671
878891898 325
880243723 27
881584890 390
881741882 412
882549168 972
883497134 419
885834830 596
886243464 389
886448797 23
887502288 86
888886706 172
889756931 853
890741036 204
890746831 295
891300989 28
892254810 622
892420138 236
893063498 290
893533831 787
895961008 535
896257883 298
896477930 899
897459266 314
900391000 725
900613766 509
901062061 199
901425958 414
902011228 367
902147707 438
903229136 910
903269104 416
907147856 25
907182176 688
908014015 294
908106273 694
908477190 460
908599854 808
911086553 113
911827708 237
911927920 931
912180551 823
912928795 190
913394124 984
913471409 2
914292666 733
914352806 126
915857292 435
916784750 741
922488490 150
927861822 822
928731133 98
929586957 284
932708304 935
933537946 933
934384316 441
934868879 209
936280704 76
937677742 188
937957680 542
938152681 152
938424444 479
939142182 785
939220066 537
939907061 938
940109752 253
940302226 350
941149396 66
944179721 807
944345919 282
944399850 967
945375279 180
946656571 352
947249639 34
947986873 683
949081621 628
950885245 167
951178479 861
952908930 927
953566464 871
953579987 421
953945791 234
955461165 316
956883891 802
958436278 347
958781384 410
961155218 957
964435086 296
966198424 486
966581447 646
968426207 288
969714423 932
969747334 850
970784741 386
973706861 504
974233103 289
975652280 673
976180141 766
977381794 170
977757353 47
980586757 368
981368396 949
981640577 148
981726056 387
982760640 156
984012810 954
984111022 837
984188628 974
986531110 346
986543192 379
988276326 916
990129743 291
991412972 35
993104991 843
997670495 883
998042848 272
998172873 104
