1000
171770 656
613051 17
858695 877
935199 778
1787723 145
2045174 815
3831814 786
4974211 866
5404040 493
5411233 55
6992736 396
7289135 724
7700272 85
8066776 665
8139370 284
11626478 603
12419381 522
14104889 161
16259850 781
16816792 268
18119849 970
19261788 1000
19845344 912
21077911 398
21922630 847
22491601 604
22965490 947
23093342 106
23382591 547
23627934 540
23677106 620
24179158 669
25745794 933
26291219 489
26714515 935
27259583 765
27399559 985
27916710 527
29912888 132
32060246 374
33058876 549
33227205 278
33487559 671
35931694 193
35991229 51
36882691 297
37061517 704
37119507 622
39461840 538
39746408 709
40129480 852
41531907 621
41807125 707
44932737 480
45217408 834
45888653 812
48356672 856
48402215 34
48766180 814
49779070 98
54026399 945
54157784 403
56231024 722
56560238 84
56641710 685
57661102 524
58061681 182
58205334 352
58618008 813
60604244 308
60815380 899
61554639 436
61769165 295
62409765 104
64070309 105
64247124 871
64914798 895
65540130 164
66817331 831
68277235 657
69292976 365
70711547 253
71304732 476
73166789 717
75127482 865
75464104 298
76771892 893
77877271 510
78184716 224
78331787 384
79482083 571
80075847 496
81059268 431
82426925 609
87138073 190
87323491 858
87947733 956
88397332 457
88861128 7
89039814 159
91829643 674
93409281 170
94679691 784
96780589 243
96812675 88
97750182 716
100116976 624
100325263 114
100613841 779
100733530 606
100943763 279
102232169 582
103163795 235
108109383 334
108977541 483
109499837 150
116153834 373
116786854 941
117974880 995
117998372 265
118029828 237
119669025 181
119966590 291
120209047 171
121979631 706
122205940 823
122316781 409
124245404 971
124360536 681
125498498 751
126111502 694
126341169 103
128816963 901
129679753 848
130856066 69
131539585 28
131943884 559
133312424 425
134192955 688
135196361 513
135466228 283
135560894 362
138278175 139
139282495 792
140274971 520
142297252 320
142603417 464
143521247 798
144403816 777
144502662 353
145000666 677
145363033 305
146244067 231
146590934 302
146885062 59
147206183 761
148640073 613
148935113 16
149681598 545
149969428 920
149976593 705
150069487 131
151423682 367
151679487 3
151680085 752
154843673 408
154970012 15
155059141 575
155943912 309
157473779 760
159248664 377
159413946 58
160703141 478
161913561 644
163954683 226
164529217 930
166008881 445
166754238 209
167735818 38
169759243 978
170359794 697
171623924 479
173466318 888
173868038 382
174033491 329
175600365 584
177901874 495
178010524 661
178183872 692
178781836 990
181437166 615
182180442 80
182717329 406
184232021 397
184649926 783
185953627 138
186339785 121
187691338 508
191087514 699
191961575 552
192012399 972
192135172 602
192169402 267
192326722 214
192610312 567
193533507 944
194494238 110
195317275 56
195687113 989
196279873 49
196602606 817
197013399 504
197847905 827
197898827 556
199185317 820
201259711 402
202774336 491
203383760 629
203805494 388
205375620 574
206137741 910
206202129 736
207507588 770
208143064 670
209382767 300
211500878 336
211512545 335
211971308 230
212474160 826
213248651 563
213801096 642
214602911 982
214702778 151
216645953 805
218217450 91
218832229 134
219635301 112
220045694 658
220247709 570
222506329 607
223454383 165
225107581 429
226055636 203
226115516 277
226931816 790
227038661 635
227581641 734
229015536 54
230126037 10
231349481 316
233036450 63
236223045 30
237498291 494
237973231 123
238230291 343
243355586 719
245011130 580
245762262 174
247450663 229
248419237 260
248672546 324
249991384 198
250196122 628
250957228 632
252035327 700
252853559 360
252912578 347
253244550 311
253769137 774
254574799 600
255107492 392
257808442 744
259021411 676
259791116 640
260543054 379
261003937 936
261318293 101
264713302 462
265349829 189
266833894 872
267018828 894
267475161 419
267915564 337
268241947 821
268665562 992
270969573 565
272247400 109
273413920 349
273541930 487
274193522 255
275141637 766
277474153 703
279149246 763
280552426 986
282355026 862
283610260 727
284166979 485
284365033 330
284914023 40
285080283 44
286019397 407
287168222 222
287216964 892
287324175 292
287570086 345
287912708 36
288300244 92
288789017 782
291053721 296
291102270 78
295681948 32
295994720 800
296008460 753
296577323 728
296640481 433
296850203 767
299349692 937
299437683 191
301744017 322
302897749 745
304336755 557
306251837 776
307373619 422
308994950 399
309751277 261
313601768 836
313955422 756
314624382 471
315704387 803
318705523 506
318862957 804
319042663 147
319205098 46
321771869 449
323851923 793
324929469 438
326097730 238
327184971 252
328938756 864
330543704 957
330958935 849
332357098 876
332873850 107
334417692 218
335354965 280
336032269 430
336381416 799
337054454 416
338024904 643
338947383 355
338949633 113
339420662 144
339867784 550
340977172 14
340997182 617
342227590 631
342915846 594
344116631 361
344867812 440
348377789 29
348964217 905
351174637 873
351846984 393
351923844 973
354751099 769
355238222 503
357703195 45
357995688 974
363008941 474
363888960 929
364704742 860
365210999 87
365960064 293
367045690 428
367467787 951
370165370 376
370329717 523
373338186 636
374150599 833
374462162 758
374517110 27
375089031 135
376319609 368
377429296 351
377643219 647
378369813 380
378923806 498
379774070 780
380084586 375
380729694 822
380930285 96
380990470 281
382575167 43
382924624 564
383894348 830
384143987 74
384926818 318
385548419 868
385767919 648
386049090 558
387234450 257
387793905 263
388354048 115
388611090 983
388872796 340
389851411 446
390973939 720
393857393 288
394056593 903
394736540 942
396072509 525
398913162 188
399046482 867
399784267 497
399980456 968
400027661 73
400343695 863
401648320 359
402508790 950
402989069 679
403000133 452
404615696 215
409313517 287
410381336 421
411152399 186
411893049 413
412489458 593
412508954 160
413020548 732
415750522 747
415788955 771
415826186 993
416450057 589
419381003 299
419790283 86
420590619 749
420948399 400
421251694 492
423534111 954
424075913 881
424451671 258
424571324 605
427074469 634
427112885 614
427542887 882
429642289 405
431630801 202
432505351 466
432589000 561
433001881 846
433062113 667
433176137 923
433545526 385
434376602 158
434726087 641
436042048 179
436449993 759
438304153 111
438669121 434
439362406 99
440487736 914
441253892 875
441780600 461
444783975 339
445572905 67
445953831 889
451595692 696
454557012 83
454633388 887
455117855 162
455661656 768
458269628 57
459140286 924
460442538 746
460625312 248
461656094 183
462334792 554
462746061 205
464516296 619
467073174 938
468097361 842
468905647 172
468946774 25
468968551 5
470269581 548
473213664 772
473883582 560
476021567 572
479739390 738
479879782 711
480754727 122
481171065 773
484456595 512
484737005 333
484797596 166
485442429 981
486455080 418
488408563 242
490030842 725
491405375 627
493363172 601
493409253 386
495753721 999
496567927 579
496815010 317
497013731 637
498624987 869
499191352 414
499939280 818
499941184 259
500455216 960
501185639 93
501626356 907
502116238 653
502997017 89
503000098 370
503223325 964
503494195 473
504860754 953
507583904 282
507654782 718
507767026 521
507947859 289
509558284 270
512270390 363
513989138 884
514382579 810
515614965 156
516776265 23
517135095 453
518153095 940
518700133 543
528445187 412
528776401 97
528941344 463
529660386 415
530370391 141
531270633 855
531466424 451
532644329 839
532650929 714
534890232 741
535996838 227
536853394 515
537421362 116
538371633 668
538883621 569
541353136 904
541868867 357
542174835 726
545264421 157
545555073 306
548344323 326
548424480 911
548565728 921
549679872 169
550703712 646
550986859 857
552563912 225
552691360 583
553913336 11
554365404 213
554409032 909
554479480 168
554738093 146
556187213 136
557639209 698
559837649 618
560454208 71
560919859 708
561964536 672
562162073 816
562603744 879
563102229 185
566407775 52
567342175 891
567571839 437
569916024 178
570132009 824
570660174 290
570759280 490
572566923 155
574552495 383
576014930 625
576111881 294
577349177 691
577699424 180
579324880 837
581787981 577
581984262 977
582606641 645
583708215 47
584356752 684
585547174 448
586076857 533
587364348 201
587746963 143
589883886 197
590328025 137
590837186 176
593080305 76
593230879 962
595631070 975
598215342 735
598709985 654
599578513 2
600565584 835
602588205 980
602758039 142
604162601 266
604447440 721
604786046 129
605608291 315
605685386 241
607353790 424
607464788 75
612322956 65
612723417 713
614107219 133
615245952 701
616009664 611
616710215 742
616762931 832
617755688 372
620165618 948
620732293 785
622568599 427
624804505 516
624946851 66
625941851 173
629660128 348
630598681 475
631503905 687
632589973 917
633321752 450
633434729 211
634157745 851
635223913 395
636727792 240
636826791 660
640514252 254
641414288 472
643127696 675
643279743 331
645457404 154
646469732 234
647254691 555
649323823 828
650697509 987
651482879 285
652267676 651
652744146 754
653361644 597
655402376 127
657057416 588
657549790 41
657731352 984
657874420 77
657968124 470
658587469 465
659988990 509
660578684 195
664035268 130
664385613 264
669364384 789
670063279 488
670372295 965
670581796 934
670983987 796
671085342 423
672427744 553
673195570 853
673998018 366
674035146 262
675166232 455
675465528 274
676885459 332
677220020 599
677234506 546
677254063 690
677807714 404
680583053 327
681478540 307
681933327 608
682610880 959
683449680 387
683761823 216
684478971 271
686304213 301
688149874 659
688234108 680
689100515 219
691786364 695
691821267 247
692436304 119
692992618 927
694895620 678
696245374 199
696445894 996
696593527 544
697273960 710
697385139 21
702461258 435
704157884 184
705134591 426
707510810 118
708549209 81
709856955 244
709965266 542
710441653 652
711360702 391
711669264 338
712232045 861
713021689 529
714416356 350
714618925 539
714868134 906
715544351 447
716182249 500
716485334 196
718235557 256
718473587 801
719807145 417
720110918 149
720289258 312
720677129 60
721402056 955
721747191 481
723674947 838
724912154 167
725553479 795
725838309 843
727466527 638
728009718 788
728597070 535
730590160 683
731638858 358
731853244 126
731911656 943
733115703 6
734178216 958
735031286 740
736403858 33
736531299 381
738614768 952
738677359 530
740483626 125
742554264 313
743311533 456
746864081 592
748457204 31
749437833 346
749472870 443
751683563 364
753283562 712
753779265 693
754119864 723
758445270 750
758577781 991
759104842 344
759981747 148
760333630 883
761552473 731
761601803 18
762744174 420
764410671 68
764551828 918
764885675 469
765196325 902
765897859 845
767254985 236
768321130 809
768353888 153
768616510 128
769421566 401
769812582 880
769913871 117
770752858 48
772424830 245
773786399 541
774561777 22
774903037 8
778007110 682
779690372 590
780098817 840
781779198 626
781986487 499
782950611 120
784418991 273
784793279 37
784866538 511
785854427 251
786345324 210
786911851 664
787547249 808
787740784 505
788428398 42
790254569 967
791185900 630
791205318 194
797463952 501
799518067 354
800322822 519
800768856 932
801173748 649
802300563 163
803048485 217
805135913 441
805988700 616
807383449 994
808220077 576
808238246 70
808437717 686
810567044 715
810830450 26
812360095 532
814838268 526
815488950 459
817990361 573
818064263 662
818108819 755
818236407 303
820160401 208
820983445 915
822573839 102
822920032 204
824114889 206
824816875 807
827393137 140
829402982 394
830254526 702
830337066 949
831088980 963
831640816 175
831939138 61
831953373 897
832193418 64
832780706 272
832949006 730
833279321 246
834744332 729
834896499 72
835392145 737
835463443 966
836702168 20
836844058 829
839255947 517
841128430 507
841363080 223
843800358 531
844794395 239
845190685 286
845875609 82
849080361 323
850975752 878
851182499 998
854473848 913
856153360 514
856498583 586
856535974 269
858039163 304
858075686 885
858886845 797
859607097 90
859714551 762
859857432 568
859902441 518
861983990 733
862350766 825
864083457 439
864160650 886
864343228 108
864607628 946
865868760 922
869824470 152
870342906 919
870499869 585
870726474 870
872004844 275
872464672 939
872854013 961
873493283 806
873553469 663
873782093 9
874679825 432
874862711 988
875043406 250
876060218 898
876096032 24
876534117 890
878284121 19
879122327 321
880536602 997
882607201 757
882874127 390
886061646 356
888266064 581
888512874 310
889019822 207
890738357 249
890949509 562
892792758 850
893149191 62
893754638 192
894041103 908
895892480 177
898533685 551
899801358 673
901035877 378
901277858 764
902572171 610
904121352 931
904677353 859
904870797 13
908090638 566
910182182 319
915273987 811
915839192 484
916078566 342
916124501 371
916299379 1
917694839 819
919002879 95
919259570 536
919527219 596
919741923 220
919767477 228
920366257 900
920467961 802
920819806 53
923176549 477
923430913 650
924050145 411
929210921 633
932967195 969
933230192 410
933956683 79
935264352 896
936766046 854
937332522 458
937848089 926
937856300 639
938247848 979
938426748 276
942951987 537
943650839 739
944520602 598
944820441 442
945572083 468
946107375 666
946337877 369
947498225 341
948141628 467
948358078 221
949092243 916
949295138 976
958267199 578
958288837 94
958473566 389
958642050 623
959538471 612
960797390 212
961975069 595
962359999 460
964054016 689
965199622 100
965992625 591
966938588 454
968536462 232
968721772 925
969020743 233
969869388 200
970943104 482
973059239 528
974097485 928
975557423 124
976116274 748
977005749 444
977450154 12
978655627 328
983230850 50
984372566 314
984417229 534
984419789 35
985420716 844
985800039 39
986493189 787
987301277 775
988190709 587
990688471 4
990785582 743
991192247 874
993401576 187
994654783 794
996867799 325
997324908 486
997442377 791
997896226 655
997957011 841
999465554 502
