1000
2054447 597
2078260 389
4128223 466
4681988 738
6059912 243
6062369 292
8016364 442
9763841 458
10393113 854
10951879 703
12357562 855
12513769 75
14047492 342
14761464 675
17708223 997
18885198 241
18909127 86
19670586 36
19672096 196
20224990 723
23063321 348
23546056 930
23665339 950
24121056 392
24569398 287
25700266 518
26261591 81
31227795 327
31991176 573
32734807 186
34160813 821
35416991 583
36040311 395
36685240 915
37321487 995
39985567 957
40019215 422
40385506 344
43378569 580
44108890 355
45036545 157
45212911 550
45234199 759
45287662 936
46512191 836
47114870 236
47949957 841
49703598 943
51123831 956
52607632 13
52877885 304
54371304 98
54780304 155
55005245 120
56348097 649
56958620 169
59502849 362
59646751 646
59984268 460
64063135 718
66897873 850
67122013 897
67491990 868
68970406 962
69420336 30
69654760 632
70231900 219
70840480 871
71330376 452
71364156 688
71379900 498
72810779 5
73901711 905
74315165 811
74578828 996
74941905 713
75316530 104
75323221 33
76558179 837
76781737 137
77247637 719
82430704 367
83463025 200
84595689 846
84765746 15
85783502 655
86099159 55
87174264 198
91348764 645
93259077 904
94598805 742
95121736 709
96323569 309
98070872 928
99099311 302
99306498 923
99721450 401
101140493 291
101411612 108
102192609 125
103363235 66
103834449 29
103882446 218
103914838 346
105656871 386
106918410 618
107045998 590
108196247 277
109299030 511
109533201 977
111142651 927
111846724 69
112741581 72
112902712 865
112989554 873
113005325 324
113168377 477
114102492 87
115159812 43
115522633 876
116356862 220
116766093 290
117517038 922
117547625 579
118009719 390
119124116 246
121736350 20
122680835 279
124285783 335
127326213 461
128232977 426
128346708 698
129490219 933
130622696 593
132159165 82
134738983 751
134743566 533
135095115 787
140104750 784
140143907 153
140441575 364
141369265 101
141408296 152
145776255 697
145984078 564
148133092 833
148526319 409
150439266 535
150874365 349
154337885 231
156878821 370
157586412 774
158187547 156
158719110 250
160508567 983
160519546 49
161048459 895
161665623 687
162652600 765
163210943 931
166384902 131
166797558 60
167564525 311
167836622 399
168722537 522
169036546 492
172068531 225
172470673 969
172871265 286
175230556 65
175847316 822
176331037 469
176554576 468
176853833 879
177345401 816
177797099 203
179162084 445
180978293 323
181420936 587
181863070 992
182213956 207
182241156 790
184187260 700
185876781 919
189571089 682
189680352 268
190151042 678
190232362 725
191285290 695
192198512 601
192579560 379
194724083 428
196294520 799
198160933 785
198246111 766
200641579 892
202980310 689
203277455 172
206384449 388
208003913 862
208310110 141
208783651 851
209349167 893
209617219 325
209728063 610
210503480 96
210592098 783
211302665 314
211933954 216
212047034 672
213497496 162
213670924 462
216199288 565
216618944 212
218834912 142
220188902 338
221387616 631
222965141 64
223115540 44
224117192 282
224342159 28
224766987 148
225295628 429
226846848 504
228521412 238
228593569 967
228642209 76
229266772 771
232218209 730
233573532 973
233739305 423
234803298 680
235132555 874
236563989 252
236606113 944
239455092 57
241095058 987
241512457 763
243156288 679
244649902 80
244825382 496
245429996 570
246981939 175
247122915 493
249972337 403
250299445 272
252435424 532
252806904 909
252891320 177
253018036 300
255198736 495
256453325 860
257099843 482
258941164 615
259599216 457
259856459 520
260243496 514
260676757 516
261617475 970
265667622 278
266546476 681
267332023 195
268530616 980
268629839 625
270101488 968
270562784 332
271486736 611
271942449 358
273015080 770
273339203 160
274342635 925
274819554 666
275367024 604
276810036 472
277623909 791
278957433 384
279028777 128
279294929 676
279705291 100
283585755 596
283807327 701
284419031 758
286878096 864
287046893 591
287209168 556
287593054 641
288436257 380
288649115 21
289338469 245
291180888 164
291198735 524
296642570 955
297749095 106
298208573 990
301016602 572
301440206 39
303133852 614
304116217 436
304418082 202
304773520 283
306433768 934
308490321 827
308825007 68
309168863 780
310819127 293
312605436 743
313732787 147
315017638 530
315777203 940
318212113 144
319308667 817
319873831 986
320211832 663
320650603 381
322380389 843
326162515 63
326279161 863
326541448 840
327344164 898
327421100 975
327955290 475
329865626 552
330486695 623
334150805 985
334686448 130
337051305 619
338340297 478
339369825 26
339442479 554
341459429 598
341852576 981
341996877 116
342458289 557
344369014 121
346706077 416
348203821 812
348750565 671
348907022 937
348931247 105
349548375 809
351413287 629
352624006 710
353748730 757
353799960 12
354112251 747
354726333 567
354887747 359
355938905 741
356838200 831
360427518 67
360871017 470
362656751 754
364567216 589
366287539 240
367084338 729
367698218 357
368799646 275
369331124 486
369399911 810
372518773 540
374811196 903
375433645 884
375806167 889
377467985 197
377753950 885
378303531 37
378382270 24
378904928 541
379198733 97
379481726 18
381761449 132
381833563 661
382841071 912
383945645 201
385804870 441
386258776 318
389793719 761
390135640 432
390476321 102
390798039 265
391233460 634
391771308 77
392521357 435
392717009 932
397964474 56
398848408 135
399745280 548
400346029 27
401826930 974
403380561 351
404718641 752
406501400 512
407606514 115
407782331 803
408161531 704
408311991 368
409045197 267
409696727 230
409902150 229
410010272 483
411677943 109
412648207 707
413256692 972
414266373 438
415320811 405
417208020 637
417244674 113
419000145 715
419514635 455
420920098 984
422104923 78
425510957 481
426613907 662
430255464 62
430619910 696
430949173 430
431144946 888
432116295 307
435022273 406
435286635 319
435306461 569
436781475 312
437234115 870
437734387 217
438500233 917
438777996 566
441559047 182
441665888 222
442680949 154
443459919 500
443771274 961
444578683 353
444599190 852
444628954 894
446019528 320
453932062 11
454232280 237
454672002 259
456215769 694
456445701 778
457143404 638
458641715 369
460005695 920
460271856 913
463099837 488
464031435 558
464073686 84
464278157 51
472019848 806
473019603 83
473504141 929
473702510 183
474141007 471
474191158 178
474315517 506
474926723 209
474967983 635
476579987 832
478667739 633
478979362 686
479278756 25
479885540 35
480005915 165
480032433 886
480066685 746
480072909 190
480354654 173
485142858 938
486110677 792
486253745 451
489249559 476
489935461 375
490491729 266
490596314 877
491668045 61
492591311 489
494235632 627
494531363 139
495515030 129
495734592 963
496150109 79
496369158 982
496419170 606
496922854 584
497601180 226
498660517 107
499499569 691
500655964 467
500909831 345
501283127 181
503690541 801
504123863 602
505006517 819
505546095 708
506279898 592
507473239 326
513111898 764
515111411 9
515756522 224
516215123 53
516403932 534
516759792 431
517726247 935
518200897 89
519038674 22
520018550 521
520786580 735
521184502 781
521809060 542
523884987 654
524298775 600
525551995 515
528134134 256
528388683 551
530055403 117
530237600 444
533361774 711
535629321 112
536494039 794
536997453 657
538584122 16
540807185 802
543713992 507
543884542 921
544245916 168
544650971 394
544703721 958
544810649 387
545550297 497
546661804 820
547602519 191
549113474 437
549187113 54
549378394 727
549692349 693
549979857 665
551043972 574
551459231 859
552144655 772
555404714 599
555470146 519
556110956 330
556320892 523
556576023 945
556628274 166
557270200 896
557702764 731
557713648 668
558487630 628
559031821 829
559141836 883
559765299 659
560057182 948
561020424 899
561070986 93
562003670 284
562371208 459
562728276 849
563531994 767
564574541 954
565063278 798
566101479 779
566850648 952
567658011 42
568249455 8
568735442 192
568828884 92
569370661 683
569686347 971
570961293 94
571839452 363
575155941 249
575508812 880
576707982 356
578909741 951
579598503 40
581032715 918
581945979 546
583011539 509
583490820 586
585428380 145
587296435 805
590596003 613
590630463 415
592570477 607
595385168 32
597834899 214
599170902 543
599811815 439
600240120 526
602163161 736
602214951 577
602567337 334
603591606 398
604360589 299
607243885 706
607753008 274
609140686 464
609768991 143
609805531 402
612988056 768
613307384 539
615176265 782
616130908 396
616583984 808
616641718 926
616791617 503
617099711 568
618326450 417
620776630 333
620803173 537
620918222 50
621375956 813
622811158 616
623835351 174
624688447 531
625209623 878
625419421 609
626346526 480
627088722 413
632754179 636
633088791 206
633324804 303
634550122 826
634844890 869
636226469 505
636451999 260
636567199 140
636727920 647
637336399 712
638119576 95
638276516 91
639067654 490
640210623 251
641068974 745
645257541 776
648972313 151
650016475 560
660083516 373
660976552 966
660980948 517
661222179 295
662006987 70
664011993 328
665358100 454
665453198 234
665611142 421
665813281 653
665960988 371
666148874 562
667314421 194
668991956 48
669004014 158
669803877 244
671489202 617
671513407 171
672235606 210
673922840 999
674549808 242
674885687 397
677697821 122
678173855 418
678885043 184
679417846 247
679503066 702
679511730 248
679994851 744
680087045 404
680321518 7
680410562 959
680655494 804
681144124 149
681288046 716
681332193 331
682204473 595
682220074 640
683594754 677
686023284 947
687455305 2
688507806 235
689606414 146
690231204 485
690389992 559
690740012 10
693684063 902
695522441 185
695731892 773
696786760 103
697532813 205
700441755 138
701192425 581
701569384 208
701665303 848
701814530 321
703153864 643
703373671 690
705060974 199
705106662 343
705470127 313
705853722 221
706907519 298
707066439 670
707404892 223
709529910 651
710124992 124
711151532 648
711375081 639
711580124 528
713715513 276
714871015 258
716306151 739
716434007 575
717227453 354
717267115 297
717428123 110
717783621 340
718386212 228
720568808 305
720685724 942
720705919 329
721015987 642
721331541 740
721569421 797
723303552 853
723737885 510
724260476 474
724302499 858
724598001 756
724822590 257
725300721 31
725822770 673
726569226 352
726570193 350
726987462 867
727121654 262
728095122 23
728509027 875
728524651 513
729548154 924
730307061 264
730441485 410
730875717 1
731498722 114
732068989 724
732270207 828
736363638 793
736955934 839
739397364 34
739516287 844
740256561 491
741066940 824
745239714 17
745581836 443
747435537 748
747613914 753
750934209 835
752286388 901
752488722 385
753222633 176
753776721 127
754483518 119
754940559 133
755503182 652
756380126 134
757478273 285
757847400 991
759801924 906
761569707 473
761654868 45
761733015 529
761983716 456
762557575 378
765038583 261
765147911 90
767153603 233
767225313 814
767294250 310
768279507 717
768486042 1000
768807567 308
771720655 484
774921674 434
775609991 425
775830149 254
775887802 939
776220889 887
776576528 732
776635023 336
777896832 271
779313890 547
779761770 800
781350594 998
782206085 965
783067743 440
784870125 582
787075399 525
787149042 450
788235831 393
789551696 414
790356301 553
790551014 749
791942255 891
792056279 777
793348289 366
793549149 576
794018038 193
794609446 750
796296916 624
796673716 447
798505282 733
799043816 382
800419052 189
800786166 549
801319913 419
801689986 882
802610722 41
808357612 161
809791502 73
810660859 361
812798043 685
814529341 605
815335239 669
815394333 585
815805821 227
816199558 856
817168389 825
818726618 621
820493347 527
822211759 427
822525389 536
823100770 407
827351012 823
827815346 796
830419583 976
833203493 900
834159244 433
834339167 170
834550658 71
835371149 626
835723609 123
839444281 239
840040433 907
840270178 383
840814818 660
842513776 59
844389160 755
845051756 263
845656518 588
845826215 412
848020510 842
849166706 58
849499144 656
851605350 721
851647815 270
854123591 705
855892589 838
856221149 372
858183186 301
861247764 52
861684080 377
861868776 692
862592624 281
863073094 699
865064542 449
865158313 674
865673269 159
866124747 374
868735215 578
868914803 289
870402432 857
871393340 150
872347582 360
873520920 424
873843688 269
874593508 946
875559569 714
876385640 612
878382134 255
879170594 544
879525089 795
880396213 232
880624036 608
880911923 294
881176648 571
882137170 19
882717315 273
884259058 204
884441357 594
886764497 126
887951131 74
888427582 88
890264526 411
890600528 994
890919623 941
891360184 38
892663984 502
894029332 993
895213365 769
895920417 788
896490350 545
897675575 365
899286948 830
899783677 347
899998042 337
902947368 167
904727913 99
904898987 6
905149694 964
905964438 499
906378909 988
908192244 317
908300396 866
908335983 949
908440561 3
909023707 989
909807226 847
910341250 280
912329156 453
912669086 916
913733786 47
915435196 14
915503232 630
917459105 622
917998854 664
918807132 834
919453772 737
920401365 881
921228045 136
921646960 487
922792372 463
923374082 341
927106759 179
927482523 978
930145099 728
930492550 684
933146245 644
934943275 979
935019609 46
935620985 339
935840088 315
936121647 563
936471533 845
938842233 85
941482063 561
943452604 760
947290570 479
947554451 658
947669123 910
949178310 213
949523937 538
949606806 786
952437842 667
953677822 111
956166006 296
956349833 465
956915994 187
957922306 163
961050091 494
961531185 726
963524787 603
963970960 508
968741776 722
968941174 908
969953772 253
970139989 211
970324734 188
970343088 555
971702851 306
972195006 861
972673514 762
973098120 818
974809959 807
975377963 118
975841724 448
977411637 4
977622505 775
978613578 322
979290045 501
979555314 960
980324591 180
981024995 734
982121085 650
982323178 420
982772610 789
985764711 914
986722462 408
987884194 815
989149627 376
989154169 953
990290256 872
990326032 720
990744717 316
991712379 620
992342365 446
992686208 215
993542455 400
995931361 288
997092570 391
997187388 890
999950193 911
