1 100000
12345
====================
1 100000
2053
====================
3 5
3
====================
2 6
3
====================
1 669
4999
====================
260 309
003
====================
1110 1159
151
====================
145 155
88
====================
2 99999
0
====================
1911 2000
111
====================
99960 100000
9709
====================
1 9
2
====================
16498 80565
56756
====================
15975 23849
69814
====================
21354 64868
3299
====================
1 100000
129
====================
30521 89695
22212
====================