962 981 996
85
234
239
585
600
759
968
366
415
610
749
684
701
524
796
720
733
404
182
216
856
378
210
643
306
203
831
212
413
171
568
562
406
793
475
937
64
958
209
81
563
566
810
531
903
600
820
914
395
502
216
673
573
882
604
161
720
461
43
105
822
406
476
446
60
285
268
795
637
561
129
962
619
331
87
396
699
485
868
269
508
885
691
352
663
160
691
329
804
1
584
304
640
46
96
742
714
968
660
804
739
197
923
434
816
174
821
55
561
417
353
524
152
39
920
246
544
93
804
212
853
573
798
916
138
113
243
812
546
480
829
977
729
775
345
140
570
533
790
813
915
753
591
962
434
894
128
772
960
676
136
849
531
892
174
748
780
333
444
169
269
469
17
866
290
150
893
598
822
500
523
415
852
871
226
323
138
111
35
520
487
194
822
94
266
795
12
484
375
613
417
494
515
447
3
475
271
524
370
243
12
375
69
723
137
874
225
680
15
823
323
452
755
591
445
898
495
785
522
864
271
268
643
188
119
743
969
449
793
960
728
45
746
750
319
844
113
601
154
457
496
526
658
494
114
712
1
896
436
203
949
4
663
728
175
799
613
423
236
97
789
26
780
326
3
553
770
100
342
923
64
253
422
570
28
420
251
173
260
647
170
209
90
821
440
911
586
389
324
329
227
943
433
255
193
2
487
900
857
917
153
282
171
376
517
825
246
33
319
358
579
538
822
968
83
791
465
512
50
185
907
864
840
799
399
954
893
305
405
650
952
153
333
396
80
885
391
368
967
652
52
99
333
595
805
908
817
154
649
938
690
672
657
156
159
905
768
616
153
114
747
267
738
856
517
937
839
65
464
799
977
865
560
780
279
183
303
496
883
665
612
375
916
386
493
549
585
908
952
274
518
668
967
766
580
239
479
376
758
467
513
688
296
852
840
108
489
490
975
764
355
179
263
701
832
583
936
325
687
17
35
276
127
837
203
61
443
858
255
276
816
945
414
648
183
299
675
349
923
177
719
325
424
302
815
186
707
867
115
784
156
553
891
645
684
406
922
948
148
408
403
950
713
532
900
299
487
803
620
577
106
66
45
589
738
353
75
314
293
142
820
979
903
106
773
236
81
240
303
434
966
279
428
418
915
517
445
729
181
475
838
583
644
52
950
734
582
517
157
280
94
645
83
907
152
967
807
117
929
189
484
669
212
771
750
74
411
666
450
869
266
291
189
832
730
915
638
661
130
542
34
664
620
341
416
113
547
642
560
57
312
140
791
791
450
118
101
349
597
774
221
581
441
604
503
851
911
563
387
949
949
836
923
814
705
275
154
195
733
513
411
755
157
40
762
951
459
234
380
848
552
65
819
142
475
420
85
219
813
185
440
962
749
918
312
369
236
759
13
9
202
625
853
580
45
936
558
744
141
11
161
751
645
979
550
696
792
216
860
390
457
662
488
387
413
271
902
832
946
245
157
28
130
856
551
557
555
99
484
775
142
835
501
169
518
457
801
73
972
586
93
9
335
75
572
376
364
732
588
955
598
928
853
27
914
86
838
491
455
321
620
133
33
598
237
678
732
112
977
783
3
912
51
667
793
258
400
660
927
902
160
977
829
82
90
892
22
149
142
441
877
657
191
963
683
860
612
408
466
655
163
976
659
851
51
118
925
954
841
238
960
224
247
870
258
386
416
512
265
607
944
475
961
695
131
195
75
208
197
36
5
371
14
486
22
411
645
798
82
705
965
33
709
780
827
596
542
262
925
96
548
90
584
244
437
885
14
469
557
697
471
566
249
838
980
930
197
118
211
277
142
168
254
744
390
776
304
953
181
482
713
326
136
508
684
125
527
9
922
144
559
379
137
659
145
673
312
257
716
120
301
63
94
710
297
762
539
766
874
76
197
421
575
25
200
79
758
160
55
248
231
565
791
124
363
788
410
311
262
319
525
245
443
81
924
736
518
375
837
271
342
281
733
940
976
203
567
512
26
699
492
110
807
107
910
524
504
926
61
447
824
414
382
160
167
949
534
755
943
550
532
252
810
174
448
397
435
916
347
408
959
692
633
30
637
957
48
164
769
504
285
827
103
399
767
374
99
653
432
879
695
83
138
576
444
636
294
395
85
868
421
882
97
796
916
321
298
214
378
644
825
303
432
753
504
486
840
689
959
572
167
599
436
544
584
46
446
363
216
376
174
245
