992 965 983
567
702
416
603
427
787
855
407
646
406
964
869
518
484
721
455
539
433
440
695
376
932
704
794
928
946
642
607
897
592
336
904
852
458
377
618
645
800
512
924
840
745
819
791
539
520
750
896
452
441
573
678
377
927
789
425
458
318
628
564
738
580
347
861
913
407
833
721
421
849
941
415
414
437
430
664
411
598
835
439
447
492
873
909
422
575
952
767
489
897
514
484
545
486
349
655
790
606
535
533
492
370
900
862
888
905
555
712
591
740
858
427
545
497
305
916
353
554
363
850
838
887
318
530
824
646
387
394
527
557
602
511
498
889
355
632
602
808
569
589
422
410
323
875
527
619
605
344
856
422
321
873
519
805
533
500
892
817
451
304
889
799
845
793
816
345
432
304
354
551
421
898
516
373
621
920
462
905
460
438
798
738
624
639
683
770
489
959
741
411
627
390
880
800
319
303
933
650
308
429
757
952
596
520
553
862
463
516
448
823
765
309
650
909
710
383
810
634
837
864
883
679
895
596
542
496
544
764
903
584
517
529
538
893
538
684
448
776
903
743
688
702
560
849
668
360
755
467
574
558
319
390
918
746
742
363
473
414
687
453
370
300
826
829
563
491
858
893
624
767
554
713
675
680
894
788
775
896
619
958
469
530
697
854
850
840
469
337
906
477
365
890
565
959
722
823
692
734
346
327
956
921
557
711
846
370
527
438
701
754
330
546
594
635
412
903
710
582
930
430
449
518
750
891
597
539
380
706
663
942
792
899
940
902
766
425
470
748
712
771
385
592
899
522
869
796
950
695
849
918
575
794
482
462
940
694
407
513
653
733
716
846
895
712
759
712
553
603
670
866
860
497
450
935
830
549
416
866
460
843
417
514
636
785
852
422
750
894
938
424
422
567
764
324
600
417
938
925
763
866
621
740
355
909
476
349
915
717
697
476
844
873
667
954
591
780
322
827
507
623
804
816
533
774
612
636
932
729
492
930
408
513
772
770
775
601
918
415
546
725
736
644
637
431
754
887
770
719
819
631
853
791
424
344
727
474
455
550
494
742
650
511
678
530
691
750
377
399
879
555
394
672
650
777
469
512
806
567
777
436
435
569
870
510
567
798
673
635
706
718
627
827
870
352
833
406
760
582
573
885
569
794
324
445
964
435
442
719
952
921
803
459
354
508
519
844
812
599
753
727
390
631
679
375
727
634
887
743
487
723
489
347
605
396
660
961
758
809
748
733
408
373
774
411
341
336
884
707
587
553
774
421
759
324
346
907
579
484
371
651
854
667
313
692
448
644
821
675
590
610
435
637
861
434
719
595
633
358
659
477
572
772
869
546
654
837
572
412
384
645
548
593
550
937
936
726
587
690
503
376
965
940
852
480
963
557
633
342
326
603
906
909
445
691
308
340
667
780
697
790
628
771
468
427
924
358
868
404
743
608
391
747
698
640
914
825
409
391
441
434
486
688
860
948
692
611
724
812
630
924
916
572
936
463
722
376
757
723
516
853
955
624
459
399
800
963
868
384
548
584
453
516
308
845
957
520
775
791
676
452
416
334
310
875
847
735
454
701
583
771
479
892
648
530
681
745
451
741
868
580
574
514
952
958
659
744
939
748
791
675
779
736
654
586
632
496
965
930
951
940
604
960
499
503
614
724
741
896
803
676
359
633
426
390
715
701
414
691
560
775
623
565
680
481
652
608
928
405
675
560
321
424
366
711
386
601
728
710
662
689
683
434
681
507
801
396
409
447
853
879
928
799
629
523
723
638
366
544
504
843
481
856
828
368
851
444
458
422
732
842
862
653
499
338
720
727
817
678
738
875
358
384
344
863
696
442
339
343
826
961
804
564
382
819
772
920
333
819
880
913
805
400
678
642
672
764
825
877
778
832
746
520
637
549
870
893
490
922
610
778
860
610
690
766
876
318
541
704
793
788
933
855
658
866
419
596
335
599
459
715
696
448
396
486
815
823
313
314
868
392
353
619
564
395
886
902
489
843
790
817
325
379
682
301
860
800
859
467
344
578
815
368
658
747
367
575
880
760
763
837
866
791
858
488
561
965
497
941
816
757
877
837
408
460
929
645
363
926
385
560
406
592
398
752
462
617
608
873
800
386
947
550
318
720
833
663
910
837
815
340
657
942
526
613
356
828
416
468
371
532
430
588
922
550
914
438
505
608
706
530
381
722
464
701
734
668
920
508
608
769
532
473
663
761
375
688
313
920
395
950
609
679
431
893
596
424
734
844
527
948
670
302
