1 2
0 1
==================== name:01
1 2
0 2
==================== name:02
1 2
1 2
==================== name:12
2 1
1
1
==================== name:11
2 1
0
0
==================== name:00
5 5
2 2 2 2 2
2 2 1 2 2
2 1 1 1 2
2 2 1 2 2
2 2 2 2 2
==================== name:equal2
5 5
2 2 2 2 2
2 2 1 2 2
2 1 1 1 2
2 2 1 1 2
2 2 2 2 2
==================== name:unequal2
2 3
0 1 2
1 1 2
==================== name:0conn2a
2 6
0 2 2 1 2 2
1 1 1 1 2 2
==================== name:0conn2b
4 4
2 2 2 2
2 1 2 2
2 0 2 2
2 2 2 2
==================== name:0conn2c
1 3
0 1 2
==================== name:012
1 6
2 1 2 0 1 2
==================== name:not1a
6 1
2
1
2
0
1
2
==================== name:not1b
1 5
0 1 1 1 2
==================== name:not1c
1 6
2 1 2 0 2 1
==================== name:is1a
1 6
1 1 2 0 1 2
==================== name:is1b
6 1
2
1
2
0
2
1
==================== name:is1c
1 10
2 1 1 1 0 0 1 1 1 2
==================== name:is0a
1 10
1 2 0 2 2 2 2 0 2 1
==================== name:is0b
1 10
0 1 1 1 2 2 1 1 1 0
==================== name:is0c
8 8
2 2 2 2 2 2 2 2
2 2 2 2 2 2 2 2
2 2 2 2 2 2 2 2
2 2 2 2 2 2 2 2
2 2 2 2 2 2 2 2
2 2 2 2 2 1 2 2
2 2 2 2 2 2 2 2
2 2 2 2 2 2 2 2
==================== name:63x2_1x1
